graph
01
02
03
04
05
06
07
010
10
11
12
13
14
15
16
19
110
20
21
22
24
25
26
29
210
32
33
35
36
37
38
40
41
42
44
45
46
47
49
410
50
51
52
54
55
56
58
510
60
61
62
63
64
65
67
68
69
70
71
72
73
74
75
76
77
80
81
82
83
84
85
86
87
88
91
92
93
94
95
96
97
98
910
100
101
102
103
104
106
109
110
111
113
114
115
118
119
1110
120
121
122
123
125
126
130
131
132
133
134
135
136
137
138
139
140
142
143
144
145
146
148
1410
150
151
152
153
154
155
156
158
159
1510
160
161
162
163
164
165
166
169
170
171
172
173
174
175
176
1710
180
181
182
183
185
187
188
1810
190
191
192
193
194
195
196
200
201
202
203
204
205
206
209
210
211
212
213
214
215
216
222
223
224
225
226
227
2210
230
231
232
233
234
235
236
237
2310
240
241
242
244
246
247
248
251
252
253
255
256
2510
260
261
263
264
265
266
268
270
272
273
275
276
277
278
279
2710
280
281
283
284
285
286
289
290
292
293
294
295
296
298
300
301
302
304
306
3010
310
311
312
313
314
315
316
317
318
320
321
322
323
324
325
326
327
328
3210
330
331
332
333
334
335
3310
340
341
342
343
344
345
346
348
349
3410
350
351
352
353
354
355
356
358
3510
360
361
362
363
365
366
367
370
371
372
373
374
375
376
377
378
379
3710
380
381
382
383
384
385
386
387
389
3810
390
391
392
393
394
396
397
398
3910
401
402
403
404
405
406
408
409
4010
410
411
412
413
414
415
416
419
4110
420
421
422
423
424
425
426
427
4210
430
431
432
433
434
435
436
438
439
4310
440
441
442
443
444
445
446
447
4410
450
451
452
454
455
456
457
459
460
462
463
464
465
466
467
468
4610
470
471
472
473
475
476
477
4710
481
482
483
484
485
486
487
4810
490
491
492
493
494
495
496
499
4910
500
501
502
503
504
505
506
507
509
510
511
512
513
514
515
518
519
520
521
522
523
524
525
526
527
529
5210
530
531
532
533
534
535
536
538
539
540
541
543
544
545
546
549
5410
550
551
552
553
554
555
556
557
558
560
561
562
563
564
565
566
569
570
571
572
573
574
575
576
579
580
581
582
584
585
586
5810
590
591
592
593
594
595
596
598
5910
600
601
602
603
604
605
610
611
612
614
615
616
617
620
621
622
623
624
626
628
629
6210
630
631
632
633
634
636
637
638
640
641
642
643
644
646
648
650
651
652
653
654
655
656
657
658
659
6510
660
661
662
663
664
665
666
667
669
671
672
673
674
676
677
678
679
6710
680
681
683
684
685
686
687
689
690
691
692
693
694
695
697
699
701
702
703
704
705
706
707
708
7010
710
712
713
714
716
717
718
722
723
724
725
726
727
728
7210
730
731
732
733
734
735
736
738
7310
740
741
743
744
745
746
747
748
749
7410
751
752
753
754
755
757
758
759
760
761
762
763
764
765
766
767
768
769
7610
770
771
772
773
774
775
776
778
779
780
781
783
784
785
786
788
789
7810
790
791
792
793
794
795
796
797
801
802
803
804
805
806
808
811
812
813
815
816
820
821
822
823
824
825
826
829
830
831
832
834
835
836
838
839
840
841
842
843
844
845
846
849
8410
850
851
852
853
854
855
856
858
859
860
861
862
863
864
865
866
867
868
869
8610
870
871
872
873
874
875
876
877
8710
880
882
883
884
885
886
887
888
889
890
891
892
893
894
895
896
898
899
900
901
903
904
905
906
908
909
9010
910
911
912
913
914
915
916
917
918
9110
920
921
922
923
924
925
926
927
929
930
932
933
934
936
937
9310
941
942
943
944
945
947
948
949
951
952
954
955
956
960
961
962
964
965
966
967
968
970
971
972
973
975
976
977
978
979
980
981
983
984
985
986
988
9810
990
991
992
993
994
995
997
998
