graph	person	place	frequency
0	1	A	2
0	1	D	2
0	1	E	1
0	1	F	1
0	1	G	1
0	1	I	2
0	1	L	1
0	1	M	2
0	1	P	2
0	1	Q	2
0	1	S	2
0	1	W	1
0	1	Y	4
0	2	C	1
0	2	D	1
0	2	G	1
0	2	K	1
0	2	M	1
0	2	P	2
0	2	R	1
0	2	S	1
0	2	V	1
0	2	Y	1
0	3	A	1
0	3	D	2
0	3	F	1
0	3	G	2
0	3	I	1
0	3	N	1
0	3	P	1
0	3	Y	2
0	4	A	1
0	4	C	1
0	4	D	1
0	4	E	1
0	4	F	2
0	4	G	1
0	4	H	3
0	4	I	1
0	4	M	1
0	4	P	1
0	4	S	1
0	4	T	1
0	4	Y	2
0	5	A	2
0	5	D	4
0	5	F	2
0	5	G	1
0	5	H	1
0	5	I	3
0	5	M	3
0	5	Q	1
0	5	R	2
0	5	S	1
0	5	T	1
0	5	V	1
0	5	Y	3
0	6	C	1
0	6	D	2
0	6	E	1
0	6	H	1
0	6	I	1
0	6	K	1
0	6	M	1
0	6	Q	1
0	6	R	2
0	6	V	3
0	6	Y	4
0	7	A	1
0	7	C	4
0	7	D	2
0	7	F	3
0	7	H	1
0	7	I	1
0	7	M	5
0	7	N	2
0	7	R	3
0	7	V	1
0	10	A	3
0	10	D	4
0	10	E	3
0	10	F	2
0	10	G	1
0	10	H	1
0	10	L	1
0	10	M	1
0	10	N	3
0	10	S	1
0	10	V	1
0	10	W	1
0	10	Y	4
1	0	C	2
1	0	I	2
1	0	M	1
1	0	P	1
1	0	Q	2
1	0	S	1
1	0	W	1
1	0	Y	2
1	1	A	2
1	1	D	2
1	1	E	1
1	1	F	1
1	1	G	1
1	1	I	2
1	1	M	1
1	1	P	2
1	1	Q	2
1	1	S	2
1	1	Y	5
1	2	C	1
1	2	D	1
1	2	F	1
1	2	G	2
1	2	K	1
1	2	M	1
1	2	P	2
1	2	R	1
1	2	S	1
1	2	V	1
1	2	Y	2
1	3	A	1
1	3	D	2
1	3	F	1
1	3	G	2
1	3	I	2
1	3	N	1
1	3	P	1
1	3	Y	2
1	4	A	1
1	4	C	1
1	4	E	1
1	4	F	2
1	4	G	1
1	4	H	3
1	4	M	1
1	4	P	1
1	4	S	1
1	4	T	1
1	4	Y	2
1	5	A	2
1	5	D	5
1	5	F	2
1	5	G	1
1	5	H	1
1	5	I	3
1	5	M	3
1	5	Q	1
1	5	R	2
1	5	T	1
1	5	Y	4
1	6	A	1
1	6	C	1
1	6	D	2
1	6	E	1
1	6	H	1
1	6	I	1
1	6	N	1
1	6	Q	1
1	6	R	2
1	6	V	3
1	6	Y	4
1	9	A	2
1	9	D	1
1	9	F	1
1	9	I	1
1	9	N	3
1	9	S	1
1	9	T	1
1	9	Y	1
1	10	A	3
1	10	D	4
1	10	E	3
1	10	F	2
1	10	H	1
1	10	L	1
1	10	M	1
1	10	N	2
1	10	P	1
1	10	Q	1
1	10	S	1
1	10	V	1
1	10	W	1
1	10	Y	4
2	0	A	1
2	0	C	3
2	0	I	2
2	0	M	1
2	0	P	1
2	0	Q	2
2	0	S	1
2	0	W	1
2	0	Y	1
2	1	A	1
2	1	D	2
2	1	E	1
2	1	F	1
2	1	G	1
2	1	I	2
2	1	L	1
2	1	M	1
2	1	P	2
2	1	Q	2
2	1	S	2
2	1	W	1
2	1	Y	5
2	2	C	1
2	2	D	2
2	2	F	1
2	2	G	2
2	2	K	1
2	2	P	2
2	2	R	1
2	2	S	1
2	2	V	1
2	2	Y	2
2	4	A	1
2	4	C	1
2	4	D	1
2	4	E	1
2	4	F	1
2	4	G	1
2	4	H	3
2	4	I	1
2	4	M	1
2	4	P	1
2	4	S	1
2	4	T	2
2	4	Y	2
2	5	A	2
2	5	D	6
2	5	F	2
2	5	G	1
2	5	H	1
2	5	I	3
2	5	M	3
2	5	Q	1
2	5	R	2
2	5	S	1
2	5	T	1
2	5	V	1
2	5	Y	3
2	6	A	1
2	6	C	1
2	6	D	2
2	6	E	1
2	6	H	1
2	6	I	1
2	6	K	1
2	6	M	1
2	6	N	1
2	6	Q	1
2	6	R	2
2	6	V	2
2	6	Y	4
2	9	A	3
2	9	C	1
2	9	D	1
2	9	F	1
2	9	I	1
2	9	N	3
2	9	S	1
2	9	T	1
2	9	Y	1
2	10	A	2
2	10	D	4
2	10	E	3
2	10	F	2
2	10	G	1
2	10	H	1
2	10	L	1
2	10	M	1
2	10	N	2
2	10	P	1
2	10	Q	1
2	10	V	1
2	10	W	1
2	10	Y	4
3	2	D	2
3	2	F	1
3	2	G	2
3	2	K	1
3	2	P	2
3	2	R	1
3	2	S	1
3	2	V	1
3	2	Y	2
3	3	A	1
3	3	D	2
3	3	F	1
3	3	G	2
3	3	I	2
3	3	N	1
3	3	P	1
3	3	Y	2
3	5	A	2
3	5	D	6
3	5	F	2
3	5	G	1
3	5	H	1
3	5	I	2
3	5	M	2
3	5	Q	1
3	5	R	2
3	5	S	1
3	5	T	1
3	5	V	1
3	5	Y	3
3	6	A	1
3	6	C	1
3	6	D	2
3	6	E	1
3	6	H	1
3	6	I	1
3	6	K	1
3	6	M	1
3	6	N	1
3	6	Q	1
3	6	R	2
3	6	V	3
3	6	Y	4
3	7	A	1
3	7	C	3
3	7	D	2
3	7	F	3
3	7	I	1
3	7	M	5
3	7	N	2
3	7	Q	1
3	7	R	2
3	7	V	1
3	8	A	4
3	8	D	3
3	8	E	2
3	8	I	2
3	8	K	1
3	8	L	1
3	8	N	3
3	8	P	1
3	8	R	2
3	8	T	1
3	8	Y	1
4	0	A	1
4	0	C	3
4	0	I	2
4	0	M	1
4	0	P	1
4	0	Q	1
4	0	S	1
4	0	W	1
4	0	Y	2
4	1	A	1
4	1	D	2
4	1	E	1
4	1	F	1
4	1	I	1
4	1	L	1
4	1	M	2
4	1	P	1
4	1	Q	2
4	1	S	2
4	1	W	1
4	1	Y	5
4	2	C	1
4	2	D	2
4	2	F	1
4	2	G	2
4	2	K	1
4	2	M	1
4	2	P	2
4	2	R	1
4	2	S	1
4	2	V	1
4	2	Y	2
4	4	A	1
4	4	C	1
4	4	E	1
4	4	F	2
4	4	G	1
4	4	H	3
4	4	I	1
4	4	M	1
4	4	P	1
4	4	S	1
4	4	T	2
4	4	Y	2
4	5	A	2
4	5	D	6
4	5	F	2
4	5	H	1
4	5	I	2
4	5	M	3
4	5	Q	1
4	5	R	2
4	5	S	1
4	5	T	1
4	5	Y	4
4	6	A	1
4	6	C	1
4	6	D	2
4	6	I	1
4	6	K	1
4	6	M	1
4	6	N	1
4	6	Q	1
4	6	R	2
4	6	V	3
4	6	Y	3
4	7	A	1
4	7	C	4
4	7	D	1
4	7	H	1
4	7	I	1
4	7	M	5
4	7	N	2
4	7	Q	1
4	7	R	3
4	7	V	1
4	9	A	3
4	9	C	1
4	9	D	1
4	9	F	1
4	9	I	1
4	9	N	3
4	9	T	1
4	9	Y	1
4	10	A	3
4	10	D	4
4	10	E	3
4	10	F	2
4	10	H	1
4	10	L	1
4	10	M	1
4	10	N	3
4	10	P	1
4	10	Q	1
4	10	S	1
4	10	V	1
4	10	W	1
4	10	Y	4
5	0	C	3
5	0	I	2
5	0	M	1
5	0	P	1
5	0	Q	2
5	0	W	1
5	0	Y	2
5	1	A	2
5	1	D	2
5	1	E	1
5	1	F	1
5	1	G	1
5	1	I	2
5	1	L	1
5	1	M	2
5	1	P	2
5	1	Q	2
5	1	W	1
5	1	Y	5
5	2	C	1
5	2	D	2
5	2	F	1
5	2	G	2
5	2	K	1
5	2	M	1
5	2	P	2
5	2	R	1
5	2	S	1
5	2	Y	2
5	4	A	1
5	4	C	1
5	4	D	1
5	4	E	1
5	4	F	1
5	4	G	1
5	4	H	3
5	4	I	1
5	4	M	1
5	4	P	1
5	4	T	2
5	4	Y	2
5	5	A	1
5	5	D	6
5	5	F	1
5	5	G	1
5	5	H	1
5	5	I	3
5	5	M	3
5	5	Q	1
5	5	R	2
5	5	S	1
5	5	T	1
5	5	V	1
5	5	Y	4
5	6	A	1
5	6	C	1
5	6	D	2
5	6	E	1
5	6	H	1
5	6	I	1
5	6	K	1
5	6	N	1
5	6	Q	1
5	6	R	2
5	6	V	2
5	6	Y	2
5	8	A	4
5	8	C	1
5	8	D	3
5	8	E	2
5	8	I	2
5	8	K	1
5	8	L	1
5	8	N	3
5	8	P	1
5	8	R	2
5	8	T	1
5	8	V	1
5	8	Y	1
5	10	A	3
5	10	D	4
5	10	E	3
5	10	F	2
5	10	G	1
5	10	H	1
5	10	L	1
5	10	N	3
5	10	Q	1
5	10	S	1
5	10	V	1
5	10	W	1
5	10	Y	4
6	0	A	1
6	0	C	3
6	0	I	2
6	0	M	1
6	0	P	1
6	0	Q	2
6	0	S	1
6	0	W	1
6	0	Y	2
6	1	A	2
6	1	D	2
6	1	E	1
6	1	G	1
6	1	I	2
6	1	L	1
6	1	M	1
6	1	P	1
6	1	Q	2
6	1	S	2
6	1	Y	5
6	2	C	1
6	2	D	1
6	2	F	1
6	2	G	2
6	2	K	1
6	2	M	1
6	2	P	2
6	2	R	1
6	2	S	1
6	2	V	1
6	2	Y	2
6	3	D	2
6	3	F	1
6	3	G	2
6	3	I	2
6	3	N	1
6	3	P	1
6	3	Y	2
6	4	A	1
6	4	C	1
6	4	D	1
6	4	E	1
6	4	F	2
6	4	G	1
6	4	H	3
6	4	I	1
6	4	M	1
6	4	P	1
6	4	S	1
6	4	T	2
6	4	Y	2
6	5	A	2
6	5	D	6
6	5	F	1
6	5	G	1
6	5	H	1
6	5	I	2
6	5	M	3
6	5	Q	1
6	5	R	1
6	5	S	1
6	5	T	1
6	5	V	1
6	5	Y	3
6	7	A	1
6	7	C	4
6	7	D	1
6	7	F	3
6	7	H	1
6	7	I	1
6	7	M	5
6	7	N	2
6	7	Q	1
6	7	R	3
6	7	V	1
6	8	A	4
6	8	D	2
6	8	E	1
6	8	I	2
6	8	K	1
6	8	L	1
6	8	N	2
6	8	P	1
6	8	R	2
6	8	T	1
6	8	V	1
6	8	Y	1
6	9	A	3
6	9	C	1
6	9	D	1
6	9	F	1
6	9	I	1
6	9	N	3
6	9	S	1
6	9	T	1
6	9	Y	1
7	0	A	1
7	0	C	3
7	0	I	2
7	0	M	1
7	0	P	1
7	0	Q	2
7	0	S	1
7	0	W	1
7	0	Y	2
7	1	A	1
7	1	D	2
7	1	E	1
7	1	F	1
7	1	I	2
7	1	L	1
7	1	M	1
7	1	P	1
7	1	Q	2
7	1	S	2
7	1	W	1
7	1	Y	5
7	2	C	1
7	2	D	2
7	2	F	1
7	2	G	2
7	2	K	1
7	2	M	1
7	2	P	2
7	2	R	1
7	2	S	1
7	2	V	1
7	2	Y	2
7	3	D	1
7	3	F	1
7	3	G	1
7	3	I	2
7	3	N	1
7	3	P	1
7	3	Y	2
7	4	A	1
7	4	C	1
7	4	D	1
7	4	E	1
7	4	F	1
7	4	H	3
7	4	I	1
7	4	M	1
7	4	P	1
7	4	S	1
7	4	T	2
7	4	Y	2
7	5	A	2
7	5	D	5
7	5	F	1
7	5	G	1
7	5	H	1
7	5	I	2
7	5	M	2
7	5	Q	1
7	5	R	2
7	5	S	1
7	5	T	1
7	5	V	1
7	5	Y	3
7	6	A	1
7	6	C	1
7	6	D	2
7	6	E	1
7	6	H	1
7	6	I	1
7	6	K	1
7	6	M	1
7	6	N	1
7	6	Q	1
7	6	R	2
7	6	V	2
7	6	Y	4
7	7	A	1
7	7	C	4
7	7	D	2
7	7	F	3
7	7	H	1
7	7	I	1
7	7	M	4
7	7	N	2
7	7	Q	1
7	7	R	3
7	7	V	1
8	0	A	1
8	0	C	2
8	0	I	2
8	0	M	1
8	0	P	1
8	0	Q	2
8	0	S	1
8	0	W	1
8	0	Y	2
8	1	A	2
8	1	D	2
8	1	E	1
8	1	F	1
8	1	G	1
8	1	I	2
8	1	L	1
8	1	M	2
8	1	P	2
8	1	Q	2
8	1	S	2
8	1	W	1
8	1	Y	4
8	2	C	1
8	2	D	2
8	2	F	1
8	2	G	2
8	2	K	1
8	2	P	1
8	2	R	1
8	2	S	1
8	2	V	1
8	2	Y	2
8	3	A	1
8	3	F	1
8	3	G	2
8	3	I	2
8	3	N	1
8	3	P	1
8	3	Y	2
8	4	A	1
8	4	C	1
8	4	D	1
8	4	E	1
8	4	F	2
8	4	G	1
8	4	H	3
8	4	I	1
8	4	M	1
8	4	P	1
8	4	T	2
8	4	Y	2
8	5	A	2
8	5	D	6
8	5	F	1
8	5	G	1
8	5	H	1
8	5	I	3
8	5	M	3
8	5	Q	1
8	5	R	1
8	5	S	1
8	5	V	1
8	5	Y	4
8	6	A	1
8	6	C	1
8	6	D	2
8	6	E	1
8	6	H	1
8	6	I	1
8	6	K	1
8	6	M	1
8	6	N	1
8	6	Q	1
8	6	R	2
8	6	V	3
8	6	Y	4
8	7	C	4
8	7	D	2
8	7	F	3
8	7	H	1
8	7	I	1
8	7	M	5
8	7	N	1
8	7	R	3
8	7	V	1
8	8	A	3
8	8	C	1
8	8	D	3
8	8	I	1
8	8	K	1
8	8	L	1
8	8	N	3
8	8	P	1
8	8	R	2
8	8	T	1
8	8	V	1
8	8	Y	1
9	1	A	1
9	1	D	2
9	1	E	1
9	1	F	1
9	1	G	1
9	1	I	2
9	1	L	1
9	1	M	2
9	1	P	2
9	1	Q	2
9	1	S	2
9	1	W	1
9	1	Y	5
9	2	C	1
9	2	D	1
9	2	F	1
9	2	G	2
9	2	K	1
9	2	M	1
9	2	P	1
9	2	R	1
9	2	S	1
9	2	V	1
9	2	Y	2
9	3	A	1
9	3	D	2
9	3	F	1
9	3	G	2
9	3	I	2
9	3	N	1
9	3	Y	2
9	4	A	1
9	4	D	1
9	4	E	1
9	4	F	2
9	4	G	1
9	4	H	2
9	4	I	1
9	4	M	1
9	4	P	1
9	4	S	1
9	4	T	2
9	4	Y	2
9	5	A	2
9	5	D	6
9	5	F	2
9	5	G	1
9	5	I	3
9	5	M	2
9	5	Q	1
9	5	R	2
9	5	S	1
9	5	T	1
9	5	V	1
9	5	Y	4
9	6	A	1
9	6	D	2
9	6	E	1
9	6	H	1
9	6	I	1
9	6	N	1
9	6	Q	1
9	6	R	2
9	6	V	3
9	6	Y	3
9	7	A	1
9	7	C	3
9	7	D	2
9	7	F	3
9	7	H	1
9	7	I	1
9	7	M	4
9	7	N	2
9	7	Q	1
9	7	R	3
9	7	V	1
9	8	A	4
9	8	C	1
9	8	D	3
9	8	E	2
9	8	I	1
9	8	K	1
9	8	L	1
9	8	N	3
9	8	P	1
9	8	R	2
9	8	T	1
9	8	V	1
9	8	Y	1
9	10	A	3
9	10	D	4
9	10	E	2
9	10	F	2
9	10	G	1
9	10	H	1
9	10	M	1
9	10	N	2
9	10	P	1
9	10	Q	1
9	10	S	1
9	10	V	1
9	10	W	1
9	10	Y	3
10	0	C	3
10	0	I	2
10	0	M	1
10	0	P	1
10	0	Q	2
10	0	S	1
10	0	W	1
10	0	Y	2
10	1	A	1
10	1	D	2
10	1	E	1
10	1	F	1
10	1	G	1
10	1	I	2
10	1	M	2
10	1	P	2
10	1	Q	2
10	1	S	1
10	1	W	1
10	1	Y	5
10	2	C	1
10	2	D	2
10	2	F	1
10	2	G	2
10	2	K	1
10	2	M	1
10	2	P	2
10	2	R	1
10	2	S	1
10	2	V	1
10	2	Y	2
10	3	A	1
10	3	D	2
10	3	F	1
10	3	G	2
10	3	I	2
10	3	N	1
10	3	P	1
10	3	Y	2
10	4	A	1
10	4	C	1
10	4	D	1
10	4	E	1
10	4	F	2
10	4	G	1
10	4	H	2
10	4	I	1
10	4	M	1
10	4	S	1
10	4	T	2
10	4	Y	1
10	6	A	1
10	6	C	1
10	6	D	2
10	6	E	1
10	6	I	1
10	6	K	1
10	6	M	1
10	6	N	1
10	6	Q	1
10	6	R	1
10	6	V	3
10	6	Y	3
10	9	A	2
10	9	C	1
10	9	D	1
10	9	F	1
10	9	I	1
10	9	N	3
10	9	S	1
10	9	T	1
10	9	Y	1
11	0	A	1
11	0	C	3
11	0	I	1
11	0	M	1
11	0	P	1
11	0	Q	2
11	0	S	1
11	0	W	1
11	0	Y	2
11	1	A	1
11	1	D	2
11	1	E	1
11	1	F	1
11	1	G	1
11	1	I	1
11	1	L	1
11	1	M	2
11	1	P	2
11	1	Q	2
11	1	S	1
11	1	W	1
11	1	Y	5
11	3	A	1
11	3	D	2
11	3	F	1
11	3	G	2
11	3	I	2
11	3	N	1
11	3	P	1
11	3	Y	2
11	4	A	1
11	4	C	1
11	4	D	1
11	4	E	1
11	4	F	2
11	4	G	1
11	4	H	3
11	4	I	1
11	4	M	1
11	4	P	1
11	4	T	2
11	4	Y	2
11	5	A	2
11	5	D	4
11	5	F	2
11	5	G	1
11	5	H	1
11	5	I	3
11	5	M	3
11	5	Q	1
11	5	R	2
11	5	S	1
11	5	T	1
11	5	Y	4
11	8	A	2
11	8	C	1
11	8	D	2
11	8	E	1
11	8	I	2
11	8	K	1
11	8	L	1
11	8	N	3
11	8	P	1
11	8	R	2
11	8	T	1
11	8	V	1
11	8	Y	1
11	9	A	3
11	9	C	1
11	9	F	1
11	9	I	1
11	9	N	1
11	9	S	1
11	9	T	1
11	9	Y	1
11	10	A	1
11	10	D	4
11	10	E	3
11	10	F	1
11	10	G	1
11	10	H	1
11	10	M	1
11	10	N	3
11	10	P	1
11	10	Q	1
11	10	S	1
11	10	V	1
11	10	W	1
11	10	Y	3
12	0	A	1
12	0	C	3
12	0	I	2
12	0	M	1
12	0	P	1
12	0	Q	1
12	0	W	1
12	0	Y	2
12	1	A	2
12	1	D	2
12	1	E	1
12	1	F	1
12	1	I	2
12	1	L	1
12	1	M	2
12	1	P	2
12	1	Q	2
12	1	S	2
12	1	W	1
12	1	Y	5
12	2	C	1
12	2	D	1
12	2	G	2
12	2	K	1
12	2	M	1
12	2	P	2
12	2	R	1
12	2	S	1
12	2	V	1
12	2	Y	1
12	3	A	1
12	3	D	2
12	3	F	1
12	3	G	2
12	3	I	2
12	3	N	1
12	3	P	1
12	3	Y	2
12	5	A	2
12	5	D	5
12	5	F	2
12	5	G	1
12	5	H	1
12	5	I	3
12	5	M	3
12	5	Q	1
12	5	R	2
12	5	S	1
12	5	T	1
12	5	V	1
12	5	Y	4
12	6	A	1
12	6	C	1
12	6	D	2
12	6	E	1
12	6	H	1
12	6	I	1
12	6	K	1
12	6	M	1
12	6	N	1
12	6	Q	1
12	6	R	1
12	6	V	2
12	6	Y	3
13	0	A	1
13	0	C	2
13	0	I	1
13	0	M	1
13	0	P	1
13	0	Q	2
13	0	S	1
13	0	W	1
13	0	Y	2
13	1	A	2
13	1	D	2
13	1	F	1
13	1	G	1
13	1	I	1
13	1	L	1
13	1	M	2
13	1	P	2
13	1	Q	2
13	1	S	2
13	1	W	1
13	1	Y	5
13	2	C	1
13	2	D	2
13	2	F	1
13	2	G	2
13	2	K	1
13	2	M	1
13	2	P	2
13	2	R	1
13	2	S	1
13	2	V	1
13	2	Y	2
13	3	A	1
13	3	D	1
13	3	F	1
13	3	G	2
13	3	I	2
13	3	P	1
13	3	Y	2
13	4	A	1
13	4	C	1
13	4	D	1
13	4	E	1
13	4	F	2
13	4	G	1
13	4	H	2
13	4	M	1
13	4	P	1
13	4	S	1
13	4	T	2
13	4	Y	2
13	5	A	2
13	5	D	5
13	5	F	2
13	5	G	1
13	5	H	1
13	5	I	2
13	5	M	3
13	5	R	2
13	5	V	1
13	5	Y	4
13	6	A	1
13	6	C	1
13	6	D	2
13	6	E	1
13	6	H	1
13	6	I	1
13	6	K	1
13	6	M	1
13	6	N	1
13	6	Q	1
13	6	R	2
13	6	V	3
13	6	Y	4
13	7	A	1
13	7	C	4
13	7	D	2
13	7	F	3
13	7	H	1
13	7	I	1
13	7	M	5
13	7	N	2
13	7	Q	1
13	7	R	3
13	7	V	1
13	8	A	4
13	8	C	1
13	8	D	3
13	8	E	2
13	8	I	2
13	8	K	1
13	8	N	2
13	8	P	1
13	8	R	2
13	8	V	1
13	8	Y	1
13	9	A	2
13	9	C	1
13	9	I	1
13	9	N	3
13	9	T	1
13	9	Y	1
14	0	A	1
14	0	C	2
14	0	I	2
14	0	M	1
14	0	P	1
14	0	Q	2
14	0	S	1
14	0	W	1
14	0	Y	2
14	2	C	1
14	2	D	1
14	2	F	1
14	2	G	2
14	2	K	1
14	2	M	1
14	2	P	1
14	2	R	1
14	2	S	1
14	2	V	1
14	2	Y	2
14	3	A	1
14	3	D	1
14	3	F	1
14	3	G	2
14	3	I	2
14	3	P	1
14	3	Y	2
14	4	A	1
14	4	C	1
14	4	D	1
14	4	E	1
14	4	F	2
14	4	G	1
14	4	H	3
14	4	I	1
14	4	M	1
14	4	P	1
14	4	S	1
14	4	T	1
14	4	Y	2
14	5	A	2
14	5	D	5
14	5	F	2
14	5	G	1
14	5	H	1
14	5	I	3
14	5	M	2
14	5	Q	1
14	5	R	2
14	5	S	1
14	5	T	1
14	5	V	1
14	5	Y	3
14	6	A	1
14	6	C	1
14	6	D	2
14	6	E	1
14	6	H	1
14	6	I	1
14	6	K	1
14	6	M	1
14	6	N	1
14	6	Q	1
14	6	R	1
14	6	V	3
14	6	Y	4
14	8	A	4
14	8	C	1
14	8	D	1
14	8	E	1
14	8	I	1
14	8	K	1
14	8	N	3
14	8	P	1
14	8	R	2
14	8	T	1
14	8	Y	1
14	10	A	3
14	10	D	3
14	10	E	3
14	10	F	2
14	10	G	1
14	10	H	1
14	10	L	1
14	10	M	1
14	10	N	3
14	10	P	1
14	10	Q	1
14	10	S	1
14	10	V	1
14	10	W	1
14	10	Y	4
15	0	A	1
15	0	C	3
15	0	I	2
15	0	M	1
15	0	P	1
15	0	Q	2
15	0	S	1
15	0	W	1
15	1	A	1
15	1	D	2
15	1	E	1
15	1	F	1
15	1	G	1
15	1	I	2
15	1	L	1
15	1	M	2
15	1	P	2
15	1	Q	2
15	1	S	2
15	1	W	1
15	1	Y	5
15	2	C	1
15	2	D	2
15	2	G	2
15	2	P	2
15	2	R	1
15	2	V	1
15	2	Y	1
15	3	A	1
15	3	D	2
15	3	F	1
15	3	G	2
15	3	I	2
15	3	N	1
15	3	P	1
15	3	Y	2
15	4	A	1
15	4	C	1
15	4	D	1
15	4	E	1
15	4	F	2
15	4	G	1
15	4	H	3
15	4	I	1
15	4	M	1
15	4	P	1
15	4	S	1
15	4	T	1
15	4	Y	2
15	5	A	1
15	5	D	5
15	5	F	2
15	5	G	1
15	5	H	1
15	5	I	3
15	5	M	2
15	5	Q	1
15	5	R	2
15	5	S	1
15	5	T	1
15	5	V	1
15	5	Y	4
15	6	A	1
15	6	C	1
15	6	D	2
15	6	E	1
15	6	H	1
15	6	I	1
15	6	K	1
15	6	M	1
15	6	N	1
15	6	Q	1
15	6	R	2
15	6	V	3
15	6	Y	2
15	8	A	4
15	8	C	1
15	8	D	3
15	8	E	2
15	8	I	2
15	8	K	1
15	8	L	1
15	8	N	2
15	8	P	1
15	8	R	2
15	8	T	1
15	8	V	1
15	8	Y	1
15	9	A	3
15	9	C	1
15	9	D	1
15	9	F	1
15	9	I	1
15	9	N	3
15	9	S	1
15	9	T	1
15	9	Y	1
15	10	A	2
15	10	D	4
15	10	E	3
15	10	F	2
15	10	G	1
15	10	H	1
15	10	L	1
15	10	M	1
15	10	N	3
15	10	P	1
15	10	Q	1
15	10	S	1
15	10	V	1
15	10	Y	3
16	0	A	1
16	0	C	2
16	0	I	2
16	0	P	1
16	0	Q	2
16	0	S	1
16	0	W	1
16	0	Y	2
16	1	A	2
16	1	D	2
16	1	E	1
16	1	F	1
16	1	G	1
16	1	I	2
16	1	L	1
16	1	M	2
16	1	P	2
16	1	Q	2
16	1	S	1
16	1	Y	5
16	2	C	1
16	2	D	2
16	2	F	1
16	2	G	1
16	2	K	1
16	2	M	1
16	2	P	2
16	2	R	1
16	2	S	1
16	2	V	1
16	2	Y	2
16	3	A	1
16	3	D	2
16	3	F	1
16	3	G	2
16	3	I	2
16	3	N	1
16	3	P	1
16	3	Y	2
16	4	A	1
16	4	C	1
16	4	D	1
16	4	E	1
16	4	F	2
16	4	H	3
16	4	I	1
16	4	M	1
16	4	P	1
16	4	S	1
16	4	T	2
16	4	Y	2
16	5	A	1
16	5	D	5
16	5	F	2
16	5	G	1
16	5	H	1
16	5	I	2
16	5	M	3
16	5	Q	1
16	5	R	2
16	5	S	1
16	5	T	1
16	5	V	1
16	5	Y	3
16	6	A	1
16	6	C	1
16	6	D	1
16	6	E	1
16	6	H	1
16	6	I	1
16	6	M	1
16	6	N	1
16	6	Q	1
16	6	R	2
16	6	V	3
16	6	Y	4
16	9	A	3
16	9	C	1
16	9	D	1
16	9	F	1
16	9	I	1
16	9	N	3
16	9	S	1
16	9	T	1
16	9	Y	1
17	0	A	1
17	0	C	2
17	0	I	2
17	0	M	1
17	0	P	1
17	0	Q	2
17	0	S	1
17	0	W	1
17	0	Y	2
17	1	A	2
17	1	D	2
17	1	F	1
17	1	I	2
17	1	L	1
17	1	M	2
17	1	P	2
17	1	Q	2
17	1	S	2
17	1	W	1
17	1	Y	5
17	2	C	1
17	2	D	2
17	2	F	1
17	2	G	2
17	2	K	1
17	2	M	1
17	2	P	2
17	2	R	1
17	2	S	1
17	2	V	1
17	2	Y	1
17	3	A	1
17	3	D	2
17	3	F	1
17	3	G	1
17	3	I	1
17	3	P	1
17	3	Y	2
17	4	C	1
17	4	D	1
17	4	E	1
17	4	F	2
17	4	G	1
17	4	H	2
17	4	I	1
17	4	M	1
17	4	P	1
17	4	S	1
17	4	T	2
17	4	Y	1
17	5	A	2
17	5	D	6
17	5	F	2
17	5	G	1
17	5	H	1
17	5	I	3
17	5	M	2
17	5	Q	1
17	5	R	2
17	5	S	1
17	5	T	1
17	5	V	1
17	5	Y	3
17	6	A	1
17	6	C	1
17	6	D	2
17	6	E	1
17	6	H	1
17	6	I	1
17	6	K	1
17	6	M	1
17	6	N	1
17	6	Q	1
17	6	R	2
17	6	V	3
17	6	Y	2
17	10	A	3
17	10	D	4
17	10	E	2
17	10	F	2
17	10	G	1
17	10	H	1
17	10	L	1
17	10	N	3
17	10	P	1
17	10	Q	1
17	10	S	1
17	10	V	1
17	10	W	1
17	10	Y	4
18	0	A	1
18	0	C	3
18	0	I	2
18	0	M	1
18	0	P	1
18	0	Q	2
18	0	S	1
18	0	W	1
18	0	Y	2
18	1	A	1
18	1	D	2
18	1	E	1
18	1	F	1
18	1	G	1
18	1	I	2
18	1	L	1
18	1	M	2
18	1	P	2
18	1	Q	2
18	1	S	2
18	1	W	1
18	1	Y	5
18	2	C	1
18	2	D	2
18	2	F	1
18	2	G	2
18	2	K	1
18	2	P	2
18	2	R	1
18	2	V	1
18	2	Y	2
18	3	A	1
18	3	D	2
18	3	F	1
18	3	G	1
18	3	I	2
18	3	N	1
18	3	P	1
18	3	Y	2
18	5	A	1
18	5	D	6
18	5	F	2
18	5	G	1
18	5	H	1
18	5	I	3
18	5	M	3
18	5	Q	1
18	5	R	2
18	5	S	1
18	5	V	1
18	5	Y	4
18	7	A	1
18	7	C	3
18	7	D	2
18	7	F	3
18	7	H	1
18	7	I	1
18	7	M	5
18	7	N	2
18	7	Q	1
18	7	R	3
18	7	V	1
18	8	A	4
18	8	C	1
18	8	D	2
18	8	E	2
18	8	I	2
18	8	K	1
18	8	L	1
18	8	N	3
18	8	P	1
18	8	R	2
18	8	T	1
18	8	V	1
18	8	Y	1
18	10	A	3
18	10	D	4
18	10	E	3
18	10	F	2
18	10	G	1
18	10	H	1
18	10	L	1
18	10	M	1
18	10	N	3
18	10	P	1
18	10	Q	1
18	10	S	1
18	10	V	1
18	10	W	1
18	10	Y	4
19	0	A	1
19	0	C	3
19	0	I	2
19	0	M	1
19	0	P	1
19	0	Q	2
19	0	S	1
19	0	Y	2
19	1	A	1
19	1	D	2
19	1	E	1
19	1	F	1
19	1	G	1
19	1	I	2
19	1	L	1
19	1	M	2
19	1	P	2
19	1	Q	2
19	1	S	2
19	1	Y	4
19	2	C	1
19	2	D	2
19	2	F	1
19	2	G	2
19	2	K	1
19	2	M	1
19	2	P	2
19	2	R	1
19	2	S	1
19	2	V	1
19	2	Y	1
19	3	A	1
19	3	D	2
19	3	F	1
19	3	G	2
19	3	I	2
19	3	P	1
19	3	Y	2
19	4	A	1
19	4	C	1
19	4	D	1
19	4	E	1
19	4	F	2
19	4	G	1
19	4	H	2
19	4	I	1
19	4	M	1
19	4	S	1
19	4	T	2
19	4	Y	2
19	5	A	1
19	5	D	5
19	5	F	2
19	5	G	1
19	5	H	1
19	5	I	3
19	5	M	2
19	5	Q	1
19	5	R	2
19	5	S	1
19	5	T	1
19	5	V	1
19	5	Y	4
19	6	A	1
19	6	D	1
19	6	E	1
19	6	H	1
19	6	I	1
19	6	K	1
19	6	M	1
19	6	N	1
19	6	Q	1
19	6	R	2
19	6	V	3
19	6	Y	4
20	0	A	1
20	0	C	3
20	0	I	1
20	0	M	1
20	0	P	1
20	0	Q	2
20	0	S	1
20	0	W	1
20	0	Y	2
20	1	A	2
20	1	D	1
20	1	F	1
20	1	G	1
20	1	I	2
20	1	L	1
20	1	M	2
20	1	P	2
20	1	Q	2
20	1	S	2
20	1	Y	5
20	2	C	1
20	2	D	2
20	2	F	1
20	2	G	2
20	2	K	1
20	2	M	1
20	2	P	2
20	2	R	1
20	2	V	1
20	2	Y	2
20	3	A	1
20	3	D	2
20	3	F	1
20	3	G	2
20	3	I	2
20	3	N	1
20	3	P	1
20	3	Y	2
20	4	A	1
20	4	C	1
20	4	D	1
20	4	E	1
20	4	F	2
20	4	G	1
20	4	H	2
20	4	I	1
20	4	M	1
20	4	P	1
20	4	S	1
20	4	T	2
20	4	Y	2
20	5	A	2
20	5	D	4
20	5	F	2
20	5	G	1
20	5	H	1
20	5	I	3
20	5	M	3
20	5	Q	1
20	5	R	2
20	5	S	1
20	5	T	1
20	5	V	1
20	5	Y	4
20	6	A	1
20	6	C	1
20	6	D	1
20	6	E	1
20	6	H	1
20	6	I	1
20	6	K	1
20	6	M	1
20	6	N	1
20	6	Q	1
20	6	R	2
20	6	V	3
20	6	Y	4
20	9	A	2
20	9	C	1
20	9	D	1
20	9	F	1
20	9	I	1
20	9	N	2
20	9	S	1
20	9	T	1
20	9	Y	1
21	0	A	1
21	0	C	3
21	0	I	2
21	0	M	1
21	0	P	1
21	0	Q	1
21	0	S	1
21	0	W	1
21	0	Y	2
21	1	A	2
21	1	D	2
21	1	E	1
21	1	F	1
21	1	G	1
21	1	I	1
21	1	L	1
21	1	M	2
21	1	P	2
21	1	Q	1
21	1	S	2
21	1	Y	4
21	2	C	1
21	2	F	1
21	2	G	2
21	2	K	1
21	2	P	1
21	2	R	1
21	2	S	1
21	2	V	1
21	2	Y	2
21	3	A	1
21	3	D	2
21	3	F	1
21	3	G	1
21	3	I	2
21	3	N	1
21	3	P	1
21	3	Y	2
21	4	A	1
21	4	C	1
21	4	E	1
21	4	F	2
21	4	G	1
21	4	H	3
21	4	I	1
21	4	M	1
21	4	P	1
21	4	S	1
21	4	Y	2
21	5	A	2
21	5	D	4
21	5	F	1
21	5	H	1
21	5	I	2
21	5	M	3
21	5	Q	1
21	5	R	1
21	5	S	1
21	5	T	1
21	5	V	1
21	5	Y	4
21	6	A	1
21	6	D	1
21	6	E	1
21	6	H	1
21	6	I	1
21	6	K	1
21	6	M	1
21	6	N	1
21	6	Q	1
21	6	R	2
21	6	V	3
21	6	Y	4
22	2	C	1
22	2	D	1
22	2	F	1
22	2	G	2
22	2	K	1
22	2	M	1
22	2	P	1
22	2	R	1
22	2	S	1
22	2	V	1
22	2	Y	1
22	3	A	1
22	3	D	2
22	3	F	1
22	3	G	2
22	3	I	2
22	3	N	1
22	3	P	1
22	3	Y	2
22	4	A	1
22	4	C	1
22	4	D	1
22	4	E	1
22	4	F	2
22	4	G	1
22	4	H	3
22	4	I	1
22	4	M	1
22	4	P	1
22	4	S	1
22	4	T	1
22	4	Y	2
22	5	A	2
22	5	D	5
22	5	F	2
22	5	G	1
22	5	H	1
22	5	I	2
22	5	M	3
22	5	Q	1
22	5	R	1
22	5	S	1
22	5	T	1
22	5	V	1
22	5	Y	4
22	6	A	1
22	6	C	1
22	6	D	2
22	6	E	1
22	6	H	1
22	6	I	1
22	6	K	1
22	6	M	1
22	6	N	1
22	6	Q	1
22	6	R	1
22	6	V	2
22	6	Y	4
22	7	A	1
22	7	C	4
22	7	D	2
22	7	F	2
22	7	H	1
22	7	I	1
22	7	M	5
22	7	N	2
22	7	Q	1
22	7	R	2
22	7	V	1
22	10	A	3
22	10	D	3
22	10	E	2
22	10	F	2
22	10	G	1
22	10	H	1
22	10	L	1
22	10	M	1
22	10	N	3
22	10	P	1
22	10	Q	1
22	10	S	1
22	10	V	1
22	10	W	1
22	10	Y	4
23	0	A	1
23	0	C	2
23	0	I	2
23	0	M	1
23	0	P	1
23	0	Q	2
23	0	S	1
23	0	W	1
23	0	Y	2
23	1	A	2
23	1	D	1
23	1	E	1
23	1	F	1
23	1	I	2
23	1	L	1
23	1	M	2
23	1	P	1
23	1	Q	2
23	1	S	2
23	1	W	1
23	1	Y	4
23	2	D	2
23	2	F	1
23	2	G	2
23	2	K	1
23	2	M	1
23	2	P	2
23	2	R	1
23	2	S	1
23	2	V	1
23	2	Y	2
23	3	A	1
23	3	D	2
23	3	F	1
23	3	G	1
23	3	I	2
23	3	N	1
23	3	P	1
23	3	Y	2
23	4	A	1
23	4	C	1
23	4	E	1
23	4	F	2
23	4	G	1
23	4	H	3
23	4	I	1
23	4	M	1
23	4	P	1
23	4	S	1
23	4	T	2
23	4	Y	2
23	5	A	2
23	5	D	6
23	5	F	2
23	5	G	1
23	5	H	1
23	5	I	3
23	5	M	2
23	5	Q	1
23	5	R	2
23	5	S	1
23	5	T	1
23	5	V	1
23	5	Y	4
23	6	A	1
23	6	C	1
23	6	D	2
23	6	H	1
23	6	I	1
23	6	K	1
23	6	M	1
23	6	N	1
23	6	R	2
23	6	V	3
23	6	Y	4
23	7	C	4
23	7	D	2
23	7	F	2
23	7	H	1
23	7	I	1
23	7	M	5
23	7	N	2
23	7	Q	1
23	7	R	3
23	7	V	1
23	10	A	3
23	10	D	3
23	10	E	2
23	10	F	2
23	10	G	1
23	10	H	1
23	10	L	1
23	10	M	1
23	10	N	3
23	10	P	1
23	10	Q	1
23	10	S	1
23	10	V	1
23	10	Y	3
24	0	A	1
24	0	C	3
24	0	I	2
24	0	Q	2
24	0	S	1
24	0	Y	2
24	1	A	2
24	1	D	1
24	1	E	1
24	1	F	1
24	1	G	1
24	1	I	2
24	1	L	1
24	1	M	2
24	1	P	2
24	1	Q	2
24	1	S	2
24	1	W	1
24	1	Y	4
24	2	C	1
24	2	D	1
24	2	F	1
24	2	G	2
24	2	K	1
24	2	M	1
24	2	P	2
24	2	R	1
24	2	S	1
24	2	Y	2
24	4	A	1
24	4	C	1
24	4	D	1
24	4	E	1
24	4	F	2
24	4	G	1
24	4	H	1
24	4	I	1
24	4	M	1
24	4	P	1
24	4	S	1
24	4	T	2
24	4	Y	1
24	6	A	1
24	6	C	1
24	6	D	2
24	6	E	1
24	6	H	1
24	6	I	1
24	6	K	1
24	6	M	1
24	6	Q	1
24	6	R	1
24	6	V	3
24	6	Y	3
24	7	A	1
24	7	C	3
24	7	D	1
24	7	F	3
24	7	H	1
24	7	I	1
24	7	M	4
24	7	R	3
24	7	V	1
24	8	A	4
24	8	C	1
24	8	D	2
24	8	E	1
24	8	I	2
24	8	L	1
24	8	N	1
24	8	P	1
24	8	R	2
24	8	T	1
24	8	V	1
24	8	Y	1
25	1	A	2
25	1	D	2
25	1	E	1
25	1	F	1
25	1	I	2
25	1	L	1
25	1	M	1
25	1	P	2
25	1	Q	1
25	1	S	2
25	1	W	1
25	1	Y	5
25	2	C	1
25	2	D	2
25	2	F	1
25	2	G	2
25	2	K	1
25	2	M	1
25	2	P	2
25	2	S	1
25	2	V	1
25	2	Y	1
25	3	A	1
25	3	D	2
25	3	G	1
25	3	I	1
25	3	N	1
25	3	P	1
25	3	Y	2
25	5	A	2
25	5	D	5
25	5	F	2
25	5	G	1
25	5	H	1
25	5	I	3
25	5	M	2
25	5	Q	1
25	5	R	1
25	5	S	1
25	5	T	1
25	5	V	1
25	5	Y	3
25	6	A	1
25	6	C	1
25	6	D	2
25	6	E	1
25	6	H	1
25	6	I	1
25	6	K	1
25	6	M	1
25	6	N	1
25	6	Q	1
25	6	R	2
25	6	V	3
25	6	Y	3
25	10	A	2
25	10	D	4
25	10	E	3
25	10	F	2
25	10	G	1
25	10	H	1
25	10	L	1
25	10	N	3
25	10	P	1
25	10	Q	1
25	10	V	1
25	10	W	1
25	10	Y	2
26	0	A	1
26	0	C	3
26	0	I	2
26	0	M	1
26	0	P	1
26	0	Q	2
26	0	S	1
26	0	W	1
26	0	Y	2
26	1	A	2
26	1	D	1
26	1	E	1
26	1	F	1
26	1	G	1
26	1	I	2
26	1	L	1
26	1	M	2
26	1	P	2
26	1	Q	2
26	1	S	2
26	1	W	1
26	1	Y	5
26	3	A	1
26	3	D	2
26	3	F	1
26	3	G	2
26	3	I	2
26	3	N	1
26	3	P	1
26	3	Y	2
26	4	A	1
26	4	C	1
26	4	D	1
26	4	E	1
26	4	F	2
26	4	G	1
26	4	H	3
26	4	I	1
26	4	M	1
26	4	S	1
26	4	T	2
26	4	Y	2
26	5	A	2
26	5	D	6
26	5	F	2
26	5	G	1
26	5	H	1
26	5	I	2
26	5	M	1
26	5	Q	1
26	5	R	2
26	5	S	1
26	5	T	1
26	5	Y	3
26	6	A	1
26	6	C	1
26	6	D	1
26	6	I	1
26	6	K	1
26	6	M	1
26	6	N	1
26	6	Q	1
26	6	R	1
26	6	V	2
26	6	Y	4
26	8	A	4
26	8	C	1
26	8	D	3
26	8	E	2
26	8	I	1
26	8	K	1
26	8	N	2
26	8	P	1
26	8	R	2
26	8	T	1
26	8	V	1
26	8	Y	1
27	0	A	1
27	0	C	3
27	0	I	2
27	0	M	1
27	0	P	1
27	0	Q	2
27	0	S	1
27	0	W	1
27	0	Y	1
27	2	C	1
27	2	D	2
27	2	F	1
27	2	G	1
27	2	K	1
27	2	M	1
27	2	P	2
27	2	R	1
27	2	S	1
27	2	V	1
27	2	Y	1
27	3	A	1
27	3	D	2
27	3	F	1
27	3	G	2
27	3	I	2
27	3	N	1
27	3	P	1
27	3	Y	2
27	5	A	2
27	5	D	6
27	5	F	2
27	5	G	1
27	5	H	1
27	5	I	3
27	5	M	3
27	5	R	1
27	5	S	1
27	5	T	1
27	5	V	1
27	5	Y	3
27	6	A	1
27	6	C	1
27	6	D	2
27	6	E	1
27	6	H	1
27	6	I	1
27	6	K	1
27	6	M	1
27	6	N	1
27	6	Q	1
27	6	R	2
27	6	V	2
27	6	Y	2
27	7	C	4
27	7	D	2
27	7	F	3
27	7	H	1
27	7	I	1
27	7	M	4
27	7	N	1
27	7	Q	1
27	7	R	3
27	7	V	1
27	8	A	4
27	8	C	1
27	8	D	3
27	8	E	2
27	8	I	2
27	8	L	1
27	8	N	3
27	8	P	1
27	8	R	2
27	8	T	1
27	8	V	1
27	8	Y	1
27	9	A	2
27	9	C	1
27	9	D	1
27	9	F	1
27	9	I	1
27	9	N	3
27	9	S	1
27	9	T	1
27	9	Y	1
27	10	A	3
27	10	D	4
27	10	E	3
27	10	F	1
27	10	G	1
27	10	H	1
27	10	L	1
27	10	M	1
27	10	N	3
27	10	P	1
27	10	Q	1
27	10	S	1
27	10	V	1
27	10	Y	4
28	0	A	1
28	0	C	3
28	0	I	2
28	0	M	1
28	0	P	1
28	0	Q	2
28	0	S	1
28	0	Y	2
28	1	A	2
28	1	D	1
28	1	E	1
28	1	F	1
28	1	G	1
28	1	I	2
28	1	L	1
28	1	M	2
28	1	P	2
28	1	Q	1
28	1	S	1
28	1	W	1
28	1	Y	5
28	3	A	1
28	3	D	2
28	3	F	1
28	3	G	1
28	3	I	1
28	3	N	1
28	3	P	1
28	3	Y	2
28	4	C	1
28	4	D	1
28	4	E	1
28	4	F	2
28	4	G	1
28	4	H	3
28	4	I	1
28	4	P	1
28	4	S	1
28	4	T	2
28	4	Y	2
28	5	A	2
28	5	D	5
28	5	F	2
28	5	G	1
28	5	H	1
28	5	I	3
28	5	M	3
28	5	Q	1
28	5	R	2
28	5	S	1
28	5	T	1
28	5	V	1
28	5	Y	4
28	6	A	1
28	6	C	1
28	6	D	1
28	6	E	1
28	6	H	1
28	6	I	1
28	6	K	1
28	6	M	1
28	6	Q	1
28	6	R	2
28	6	V	3
28	6	Y	4
28	9	A	3
28	9	C	1
28	9	D	1
28	9	I	1
28	9	N	3
28	9	S	1
28	9	T	1
28	9	Y	1
29	0	A	1
29	0	C	3
29	0	I	1
29	0	M	1
29	0	P	1
29	0	Q	1
29	0	S	1
29	0	W	1
29	0	Y	2
29	2	C	1
29	2	D	2
29	2	F	1
29	2	G	2
29	2	K	1
29	2	M	1
29	2	P	2
29	2	R	1
29	2	S	1
29	2	V	1
29	2	Y	2
29	3	A	1
29	3	D	2
29	3	F	1
29	3	G	2
29	3	I	1
29	3	N	1
29	3	P	1
29	3	Y	2
29	4	A	1
29	4	C	1
29	4	D	1
29	4	E	1
29	4	F	1
29	4	G	1
29	4	H	3
29	4	I	1
29	4	M	1
29	4	P	1
29	4	T	2
29	4	Y	2
29	5	A	2
29	5	D	3
29	5	F	2
29	5	G	1
29	5	H	1
29	5	I	3
29	5	M	3
29	5	Q	1
29	5	R	2
29	5	S	1
29	5	T	1
29	5	V	1
29	5	Y	4
29	6	A	1
29	6	C	1
29	6	D	2
29	6	E	1
29	6	H	1
29	6	I	1
29	6	K	1
29	6	M	1
29	6	N	1
29	6	Q	1
29	6	R	1
29	6	V	2
29	6	Y	4
29	8	A	3
29	8	C	1
29	8	D	2
29	8	E	2
29	8	I	2
29	8	K	1
29	8	L	1
29	8	N	3
29	8	P	1
29	8	R	2
29	8	T	1
29	8	V	1
29	8	Y	1
30	0	A	1
30	0	C	3
30	0	I	2
30	0	M	1
30	0	P	1
30	0	Q	2
30	0	S	1
30	0	W	1
30	0	Y	2
30	1	A	2
30	1	D	2
30	1	E	1
30	1	F	1
30	1	G	1
30	1	I	2
30	1	L	1
30	1	M	1
30	1	P	2
30	1	Q	2
30	1	S	2
30	1	W	1
30	1	Y	5
30	2	C	1
30	2	D	2
30	2	F	1
30	2	G	2
30	2	K	1
30	2	M	1
30	2	P	1
30	2	R	1
30	2	S	1
30	2	V	1
30	2	Y	1
30	4	C	1
30	4	D	1
30	4	E	1
30	4	F	2
30	4	G	1
30	4	H	2
30	4	M	1
30	4	P	1
30	4	S	1
30	4	T	2
30	4	Y	2
30	6	A	1
30	6	C	1
30	6	D	2
30	6	E	1
30	6	I	1
30	6	K	1
30	6	M	1
30	6	N	1
30	6	Q	1
30	6	R	2
30	6	V	3
30	6	Y	4
30	10	A	3
30	10	D	3
30	10	E	2
30	10	F	2
30	10	G	1
30	10	H	1
30	10	L	1
30	10	M	1
30	10	N	3
30	10	P	1
30	10	Q	1
30	10	S	1
30	10	V	1
30	10	Y	4
31	0	A	1
31	0	C	3
31	0	I	2
31	0	M	1
31	0	P	1
31	0	Q	2
31	0	S	1
31	0	W	1
31	0	Y	2
31	1	A	2
31	1	D	2
31	1	E	1
31	1	F	1
31	1	G	1
31	1	I	2
31	1	L	1
31	1	M	2
31	1	P	2
31	1	Q	2
31	1	S	2
31	1	W	1
31	1	Y	4
31	2	C	1
31	2	D	2
31	2	F	1
31	2	G	2
31	2	K	1
31	2	M	1
31	2	P	2
31	2	R	1
31	2	S	1
31	2	Y	2
31	3	A	1
31	3	D	1
31	3	F	1
31	3	G	2
31	3	I	2
31	3	N	1
31	3	P	1
31	3	Y	1
31	4	A	1
31	4	C	1
31	4	D	1
31	4	E	1
31	4	F	2
31	4	G	1
31	4	H	2
31	4	I	1
31	4	M	1
31	4	P	1
31	4	S	1
31	4	T	2
31	4	Y	2
31	5	A	2
31	5	D	6
31	5	F	2
31	5	G	1
31	5	H	1
31	5	I	3
31	5	M	3
31	5	Q	1
31	5	R	2
31	5	S	1
31	5	T	1
31	5	V	1
31	5	Y	2
31	6	A	1
31	6	C	1
31	6	D	2
31	6	E	1
31	6	H	1
31	6	I	1
31	6	M	1
31	6	N	1
31	6	Q	1
31	6	R	2
31	6	V	3
31	6	Y	3
31	7	A	1
31	7	C	3
31	7	D	2
31	7	F	3
31	7	H	1
31	7	I	1
31	7	M	5
31	7	N	2
31	7	R	3
31	7	V	1
31	8	A	4
31	8	C	1
31	8	D	3
31	8	E	2
31	8	I	2
31	8	K	1
31	8	L	1
31	8	N	3
31	8	P	1
31	8	R	2
31	8	T	1
31	8	V	1
31	8	Y	1
32	0	A	1
32	0	C	2
32	0	I	2
32	0	M	1
32	0	P	1
32	0	Q	2
32	0	W	1
32	0	Y	2
32	1	A	1
32	1	D	2
32	1	E	1
32	1	F	1
32	1	G	1
32	1	I	2
32	1	L	1
32	1	M	2
32	1	Q	2
32	1	S	2
32	1	W	1
32	1	Y	3
32	2	C	1
32	2	D	2
32	2	F	1
32	2	G	2
32	2	K	1
32	2	M	1
32	2	P	2
32	2	R	1
32	2	S	1
32	2	V	1
32	2	Y	2
32	3	A	1
32	3	D	2
32	3	F	1
32	3	G	2
32	3	I	2
32	3	N	1
32	3	P	1
32	3	Y	2
32	4	A	1
32	4	C	1
32	4	D	1
32	4	E	1
32	4	F	2
32	4	G	1
32	4	H	3
32	4	I	1
32	4	M	1
32	4	P	1
32	4	S	1
32	4	T	1
32	4	Y	2
32	5	A	2
32	5	D	6
32	5	F	2
32	5	G	1
32	5	I	3
32	5	M	2
32	5	Q	1
32	5	R	2
32	5	S	1
32	5	T	1
32	5	V	1
32	5	Y	3
32	6	A	1
32	6	C	1
32	6	D	1
32	6	E	1
32	6	H	1
32	6	I	1
32	6	K	1
32	6	M	1
32	6	N	1
32	6	Q	1
32	6	R	1
32	6	V	3
32	6	Y	3
32	7	A	1
32	7	C	4
32	7	D	2
32	7	F	3
32	7	H	1
32	7	I	1
32	7	M	5
32	7	N	1
32	7	Q	1
32	7	R	2
32	7	V	1
32	8	A	4
32	8	C	1
32	8	D	3
32	8	E	2
32	8	I	2
32	8	K	1
32	8	N	2
32	8	P	1
32	8	R	1
32	8	T	1
32	8	V	1
32	8	Y	1
32	10	A	3
32	10	D	4
32	10	E	3
32	10	F	2
32	10	G	1
32	10	H	1
32	10	L	1
32	10	M	1
32	10	N	3
32	10	P	1
32	10	Q	1
32	10	S	1
32	10	V	1
32	10	W	1
32	10	Y	4
33	0	A	1
33	0	C	3
33	0	I	2
33	0	M	1
33	0	P	1
33	0	Q	2
33	0	S	1
33	0	W	1
33	0	Y	2
33	1	A	2
33	1	D	2
33	1	E	1
33	1	F	1
33	1	G	1
33	1	I	2
33	1	L	1
33	1	M	1
33	1	P	2
33	1	Q	2
33	1	S	1
33	1	W	1
33	1	Y	5
33	2	D	2
33	2	F	1
33	2	G	2
33	2	K	1
33	2	M	1
33	2	P	1
33	2	S	1
33	2	V	1
33	2	Y	2
33	3	A	1
33	3	D	2
33	3	F	1
33	3	G	2
33	3	I	2
33	3	N	1
33	3	P	1
33	3	Y	2
33	4	A	1
33	4	C	1
33	4	D	1
33	4	E	1
33	4	F	2
33	4	G	1
33	4	H	3
33	4	I	1
33	4	M	1
33	4	P	1
33	4	S	1
33	4	T	2
33	4	Y	2
33	5	A	2
33	5	D	6
33	5	F	1
33	5	G	1
33	5	H	1
33	5	I	3
33	5	M	2
33	5	R	2
33	5	S	1
33	5	T	1
33	5	V	1
33	5	Y	3
33	10	A	3
33	10	D	4
33	10	E	3
33	10	F	1
33	10	G	1
33	10	H	1
33	10	L	1
33	10	M	1
33	10	N	3
33	10	Q	1
33	10	S	1
33	10	V	1
33	10	Y	3
34	0	C	3
34	0	I	2
34	0	M	1
34	0	P	1
34	0	Q	2
34	0	S	1
34	0	W	1
34	0	Y	1
34	1	A	2
34	1	D	2
34	1	E	1
34	1	F	1
34	1	I	2
34	1	L	1
34	1	M	1
34	1	P	2
34	1	Q	2
34	1	S	1
34	1	W	1
34	1	Y	4
34	2	C	1
34	2	D	2
34	2	F	1
34	2	G	2
34	2	K	1
34	2	M	1
34	2	P	2
34	2	S	1
34	2	V	1
34	2	Y	2
34	3	A	1
34	3	D	2
34	3	F	1
34	3	G	2
34	3	I	2
34	3	N	1
34	3	P	1
34	3	Y	1
34	4	A	1
34	4	C	1
34	4	D	1
34	4	E	1
34	4	F	1
34	4	G	1
34	4	H	3
34	4	I	1
34	4	P	1
34	4	S	1
34	4	T	2
34	4	Y	2
34	5	A	2
34	5	D	6
34	5	F	2
34	5	H	1
34	5	I	3
34	5	M	3
34	5	Q	1
34	5	R	2
34	5	S	1
34	5	T	1
34	5	V	1
34	5	Y	3
34	6	A	1
34	6	C	1
34	6	D	2
34	6	E	1
34	6	H	1
34	6	K	1
34	6	M	1
34	6	N	1
34	6	Q	1
34	6	R	2
34	6	V	3
34	6	Y	4
34	8	A	3
34	8	C	1
34	8	D	3
34	8	E	2
34	8	I	2
34	8	L	1
34	8	N	2
34	8	P	1
34	8	R	2
34	8	T	1
34	8	V	1
34	8	Y	1
34	9	A	3
34	9	C	1
34	9	D	1
34	9	F	1
34	9	I	1
34	9	N	2
34	9	S	1
34	9	T	1
34	9	Y	1
34	10	A	3
34	10	D	4
34	10	E	2
34	10	F	2
34	10	G	1
34	10	H	1
34	10	L	1
34	10	M	1
34	10	N	3
34	10	P	1
34	10	Q	1
34	10	S	1
34	10	V	1
34	10	Y	3
35	0	A	1
35	0	C	3
35	0	I	2
35	0	M	1
35	0	P	1
35	0	Q	2
35	0	S	1
35	0	W	1
35	0	Y	1
35	1	A	2
35	1	D	1
35	1	E	1
35	1	F	1
35	1	G	1
35	1	I	2
35	1	L	1
35	1	M	2
35	1	P	2
35	1	Q	2
35	1	S	2
35	1	W	1
35	1	Y	4
35	2	C	1
35	2	D	2
35	2	F	1
35	2	G	2
35	2	K	1
35	2	M	1
35	2	P	2
35	2	R	1
35	2	S	1
35	2	V	1
35	2	Y	1
35	3	A	1
35	3	D	2
35	3	G	2
35	3	I	2
35	3	N	1
35	3	P	1
35	3	Y	2
35	4	A	1
35	4	C	1
35	4	D	1
35	4	E	1
35	4	F	2
35	4	G	1
35	4	H	2
35	4	I	1
35	4	M	1
35	4	P	1
35	4	T	2
35	4	Y	2
35	5	A	2
35	5	D	5
35	5	F	1
35	5	G	1
35	5	H	1
35	5	I	3
35	5	M	1
35	5	R	2
35	5	S	1
35	5	T	1
35	5	V	1
35	5	Y	3
35	6	A	1
35	6	C	1
35	6	D	2
35	6	E	1
35	6	H	1
35	6	I	1
35	6	K	1
35	6	M	1
35	6	N	1
35	6	Q	1
35	6	R	2
35	6	V	3
35	6	Y	3
35	8	A	3
35	8	D	2
35	8	E	2
35	8	I	1
35	8	K	1
35	8	L	1
35	8	N	3
35	8	P	1
35	8	R	2
35	8	T	1
35	8	Y	1
35	10	A	3
35	10	D	4
35	10	E	3
35	10	F	2
35	10	G	1
35	10	H	1
35	10	M	1
35	10	N	3
35	10	P	1
35	10	Q	1
35	10	S	1
35	10	V	1
35	10	W	1
35	10	Y	3
36	0	A	1
36	0	C	3
36	0	I	2
36	0	M	1
36	0	P	1
36	0	Q	2
36	0	S	1
36	0	W	1
36	0	Y	2
36	1	A	2
36	1	D	2
36	1	E	1
36	1	F	1
36	1	G	1
36	1	I	1
36	1	L	1
36	1	M	2
36	1	P	2
36	1	Q	2
36	1	S	2
36	1	W	1
36	1	Y	5
36	2	C	1
36	2	D	2
36	2	F	1
36	2	G	2
36	2	K	1
36	2	P	2
36	2	R	1
36	2	S	1
36	2	V	1
36	2	Y	2
36	3	A	1
36	3	D	2
36	3	G	2
36	3	I	2
36	3	N	1
36	3	P	1
36	3	Y	1
36	5	A	2
36	5	D	6
36	5	F	2
36	5	G	1
36	5	H	1
36	5	I	3
36	5	M	3
36	5	Q	1
36	5	R	1
36	5	S	1
36	5	T	1
36	5	V	1
36	5	Y	4
36	6	A	1
36	6	D	2
36	6	E	1
36	6	H	1
36	6	I	1
36	6	K	1
36	6	M	1
36	6	N	1
36	6	Q	1
36	6	R	2
36	6	V	3
36	6	Y	3
36	7	A	1
36	7	C	2
36	7	D	2
36	7	F	3
36	7	H	1
36	7	I	1
36	7	M	5
36	7	N	2
36	7	Q	1
36	7	R	3
37	0	C	3
37	0	I	1
37	0	M	1
37	0	P	1
37	0	Q	2
37	0	W	1
37	0	Y	1
37	1	A	2
37	1	D	2
37	1	E	1
37	1	F	1
37	1	G	1
37	1	I	2
37	1	L	1
37	1	M	2
37	1	P	2
37	1	Q	2
37	1	S	2
37	1	W	1
37	1	Y	4
37	2	C	1
37	2	D	2
37	2	F	1
37	2	G	2
37	2	K	1
37	2	M	1
37	2	P	2
37	2	R	1
37	2	V	1
37	2	Y	2
37	3	A	1
37	3	D	2
37	3	F	1
37	3	G	2
37	3	I	1
37	3	N	1
37	3	P	1
37	3	Y	2
37	4	A	1
37	4	C	1
37	4	D	1
37	4	E	1
37	4	F	2
37	4	G	1
37	4	H	3
37	4	I	1
37	4	M	1
37	4	P	1
37	4	S	1
37	4	T	1
37	4	Y	2
37	5	A	2
37	5	D	5
37	5	F	2
37	5	G	1
37	5	H	1
37	5	I	3
37	5	M	2
37	5	R	2
37	5	S	1
37	5	T	1
37	5	V	1
37	5	Y	3
37	6	A	1
37	6	C	1
37	6	D	2
37	6	E	1
37	6	H	1
37	6	I	1
37	6	K	1
37	6	M	1
37	6	N	1
37	6	Q	1
37	6	R	2
37	6	V	2
37	6	Y	4
37	7	A	1
37	7	C	3
37	7	D	1
37	7	F	2
37	7	I	1
37	7	M	4
37	7	N	2
37	7	R	3
37	7	V	1
37	8	A	4
37	8	D	3
37	8	E	2
37	8	I	2
37	8	K	1
37	8	L	1
37	8	N	3
37	8	P	1
37	8	R	2
37	8	T	1
37	8	V	1
37	8	Y	1
37	9	A	3
37	9	C	1
37	9	D	1
37	9	F	1
37	9	I	1
37	9	N	3
37	9	S	1
37	9	T	1
37	9	Y	1
37	10	A	3
37	10	D	4
37	10	E	3
37	10	F	2
37	10	G	1
37	10	H	1
37	10	L	1
37	10	M	1
37	10	N	2
37	10	P	1
37	10	Q	1
37	10	S	1
37	10	W	1
37	10	Y	4
38	0	A	1
38	0	C	3
38	0	I	2
38	0	M	1
38	0	P	1
38	0	Q	1
38	0	W	1
38	0	Y	2
38	1	A	2
38	1	D	2
38	1	E	1
38	1	F	1
38	1	G	1
38	1	I	2
38	1	L	1
38	1	M	2
38	1	P	2
38	1	Q	1
38	1	S	2
38	1	W	1
38	1	Y	5
38	2	C	1
38	2	D	2
38	2	F	1
38	2	G	2
38	2	K	1
38	2	M	1
38	2	P	2
38	2	R	1
38	2	S	1
38	2	V	1
38	2	Y	2
38	3	A	1
38	3	D	2
38	3	G	2
38	3	I	1
38	3	N	1
38	3	P	1
38	3	Y	1
38	4	A	1
38	4	C	1
38	4	D	1
38	4	E	1
38	4	F	2
38	4	G	1
38	4	H	3
38	4	I	1
38	4	M	1
38	4	P	1
38	4	S	1
38	4	T	2
38	4	Y	2
38	5	A	2
38	5	D	5
38	5	G	1
38	5	H	1
38	5	I	3
38	5	M	3
38	5	R	2
38	5	S	1
38	5	T	1
38	5	V	1
38	5	Y	4
38	6	A	1
38	6	D	2
38	6	E	1
38	6	H	1
38	6	I	1
38	6	K	1
38	6	M	1
38	6	Q	1
38	6	R	2
38	6	V	2
38	6	Y	4
38	7	A	1
38	7	C	3
38	7	D	2
38	7	F	3
38	7	H	1
38	7	I	1
38	7	M	2
38	7	N	2
38	7	Q	1
38	7	R	3
38	7	V	1
38	9	A	3
38	9	D	1
38	9	F	1
38	9	I	1
38	9	N	3
38	9	S	1
38	9	T	1
38	9	Y	1
38	10	A	3
38	10	D	4
38	10	E	2
38	10	F	2
38	10	G	1
38	10	H	1
38	10	L	1
38	10	M	1
38	10	N	3
38	10	P	1
38	10	Q	1
38	10	S	1
38	10	V	1
38	10	W	1
38	10	Y	3
39	0	C	2
39	0	I	2
39	0	P	1
39	0	Q	2
39	0	S	1
39	0	W	1
39	0	Y	2
39	1	A	2
39	1	D	2
39	1	E	1
39	1	F	1
39	1	G	1
39	1	I	2
39	1	M	2
39	1	P	2
39	1	Q	2
39	1	S	2
39	1	W	1
39	1	Y	5
39	2	C	1
39	2	D	2
39	2	F	1
39	2	G	2
39	2	K	1
39	2	M	1
39	2	P	2
39	2	R	1
39	2	S	1
39	2	V	1
39	2	Y	1
39	3	A	1
39	3	D	2
39	3	F	1
39	3	G	2
39	3	I	2
39	3	N	1
39	3	P	1
39	3	Y	2
39	4	A	1
39	4	C	1
39	4	D	1
39	4	E	1
39	4	F	2
39	4	G	1
39	4	H	3
39	4	I	1
39	4	M	1
39	4	P	1
39	4	S	1
39	4	T	2
39	4	Y	2
39	6	A	1
39	6	C	1
39	6	D	2
39	6	E	1
39	6	I	1
39	6	K	1
39	6	N	1
39	6	Q	1
39	6	R	2
39	6	V	3
39	6	Y	3
39	7	A	1
39	7	C	3
39	7	D	2
39	7	F	3
39	7	H	1
39	7	I	1
39	7	M	5
39	7	N	2
39	7	Q	1
39	7	R	2
39	7	V	1
39	8	A	3
39	8	C	1
39	8	D	3
39	8	E	1
39	8	I	1
39	8	K	1
39	8	L	1
39	8	N	3
39	8	P	1
39	8	R	2
39	8	T	1
39	8	V	1
39	8	Y	1
39	10	A	3
39	10	D	4
39	10	E	3
39	10	F	2
39	10	G	1
39	10	H	1
39	10	L	1
39	10	M	1
39	10	N	3
39	10	P	1
39	10	Q	1
39	10	S	1
39	10	V	1
39	10	W	1
39	10	Y	4
40	1	A	2
40	1	D	2
40	1	E	1
40	1	F	1
40	1	G	1
40	1	I	2
40	1	L	1
40	1	M	2
40	1	P	2
40	1	Q	2
40	1	S	2
40	1	W	1
40	1	Y	4
40	2	C	1
40	2	D	1
40	2	F	1
40	2	G	2
40	2	M	1
40	2	P	2
40	2	R	1
40	2	S	1
40	2	V	1
40	2	Y	2
40	3	A	1
40	3	D	1
40	3	F	1
40	3	G	2
40	3	I	2
40	3	N	1
40	3	P	1
40	3	Y	2
40	4	A	1
40	4	C	1
40	4	D	1
40	4	E	1
40	4	F	1
40	4	G	1
40	4	H	3
40	4	I	1
40	4	M	1
40	4	P	1
40	4	S	1
40	4	T	2
40	4	Y	2
40	5	A	2
40	5	D	6
40	5	F	2
40	5	G	1
40	5	H	1
40	5	I	2
40	5	M	3
40	5	Q	1
40	5	R	2
40	5	S	1
40	5	T	1
40	5	Y	2
40	6	A	1
40	6	D	2
40	6	E	1
40	6	H	1
40	6	I	1
40	6	M	1
40	6	N	1
40	6	Q	1
40	6	R	2
40	6	V	3
40	6	Y	4
40	8	A	4
40	8	C	1
40	8	D	1
40	8	E	2
40	8	I	2
40	8	K	1
40	8	L	1
40	8	N	2
40	8	P	1
40	8	R	2
40	8	T	1
40	8	V	1
40	8	Y	1
40	9	A	2
40	9	C	1
40	9	D	1
40	9	F	1
40	9	I	1
40	9	N	2
40	9	S	1
40	9	T	1
40	9	Y	1
40	10	A	3
40	10	D	4
40	10	E	3
40	10	F	2
40	10	H	1
40	10	L	1
40	10	M	1
40	10	N	3
40	10	P	1
40	10	Q	1
40	10	V	1
40	10	W	1
40	10	Y	3
41	0	C	2
41	0	I	2
41	0	M	1
41	0	P	1
41	0	Q	2
41	0	W	1
41	0	Y	2
41	1	A	1
41	1	D	2
41	1	E	1
41	1	F	1
41	1	G	1
41	1	I	1
41	1	L	1
41	1	M	2
41	1	P	2
41	1	Q	1
41	1	S	2
41	1	Y	4
41	2	C	1
41	2	D	2
41	2	F	1
41	2	G	2
41	2	K	1
41	2	M	1
41	2	P	2
41	2	R	1
41	2	S	1
41	2	V	1
41	2	Y	2
41	3	A	1
41	3	D	2
41	3	F	1
41	3	G	2
41	3	I	1
41	3	N	1
41	3	P	1
41	3	Y	2
41	4	A	1
41	4	D	1
41	4	E	1
41	4	F	2
41	4	G	1
41	4	H	3
41	4	I	1
41	4	P	1
41	4	S	1
41	4	T	2
41	4	Y	2
41	5	A	1
41	5	D	6
41	5	F	2
41	5	H	1
41	5	I	3
41	5	M	3
41	5	Q	1
41	5	R	2
41	5	S	1
41	5	T	1
41	5	Y	2
41	6	C	1
41	6	D	2
41	6	E	1
41	6	H	1
41	6	I	1
41	6	K	1
41	6	M	1
41	6	N	1
41	6	Q	1
41	6	R	2
41	6	V	3
41	6	Y	4
41	9	A	3
41	9	C	1
41	9	D	1
41	9	F	1
41	9	I	1
41	9	N	3
41	9	S	1
41	9	T	1
41	9	Y	1
41	10	A	3
41	10	D	4
41	10	E	3
41	10	F	2
41	10	G	1
41	10	H	1
41	10	L	1
41	10	N	3
41	10	P	1
41	10	Q	1
41	10	V	1
41	10	W	1
41	10	Y	3
42	0	A	1
42	0	C	3
42	0	I	2
42	0	M	1
42	0	P	1
42	0	Q	1
42	0	S	1
42	0	W	1
42	0	Y	2
42	1	A	1
42	1	D	2
42	1	E	1
42	1	G	1
42	1	I	2
42	1	L	1
42	1	M	2
42	1	P	2
42	1	Q	2
42	1	S	1
42	1	W	1
42	1	Y	5
42	2	C	1
42	2	D	2
42	2	F	1
42	2	G	2
42	2	K	1
42	2	M	1
42	2	P	2
42	2	R	1
42	2	S	1
42	2	V	1
42	2	Y	2
42	3	A	1
42	3	D	2
42	3	G	2
42	3	I	2
42	3	P	1
42	3	Y	2
42	4	A	1
42	4	C	1
42	4	D	1
42	4	E	1
42	4	F	2
42	4	G	1
42	4	H	2
42	4	I	1
42	4	M	1
42	4	P	1
42	4	S	1
42	4	T	2
42	4	Y	2
42	5	A	1
42	5	D	5
42	5	F	2
42	5	G	1
42	5	H	1
42	5	I	3
42	5	M	2
42	5	Q	1
42	5	R	1
42	5	S	1
42	5	T	1
42	5	V	1
42	5	Y	4
42	6	A	1
42	6	C	1
42	6	D	2
42	6	E	1
42	6	H	1
42	6	I	1
42	6	M	1
42	6	N	1
42	6	Q	1
42	6	R	2
42	6	V	3
42	6	Y	3
42	7	A	1
42	7	C	4
42	7	D	2
42	7	F	3
42	7	H	1
42	7	I	1
42	7	M	4
42	7	N	2
42	7	Q	1
42	7	R	2
42	10	A	3
42	10	D	4
42	10	E	3
42	10	F	2
42	10	G	1
42	10	H	1
42	10	L	1
42	10	M	1
42	10	N	3
42	10	P	1
42	10	Q	1
42	10	S	1
42	10	V	1
42	10	Y	4
43	0	A	1
43	0	C	3
43	0	I	2
43	0	M	1
43	0	P	1
43	0	Q	2
43	0	S	1
43	0	W	1
43	0	Y	2
43	1	A	2
43	1	D	2
43	1	E	1
43	1	F	1
43	1	G	1
43	1	I	2
43	1	L	1
43	1	M	2
43	1	P	2
43	1	Q	1
43	1	S	2
43	1	W	1
43	1	Y	4
43	2	D	2
43	2	F	1
43	2	G	2
43	2	K	1
43	2	M	1
43	2	P	2
43	2	S	1
43	2	V	1
43	2	Y	1
43	3	A	1
43	3	D	2
43	3	F	1
43	3	G	2
43	3	I	2
43	3	N	1
43	3	P	1
43	3	Y	2
43	4	A	1
43	4	C	1
43	4	E	1
43	4	F	2
43	4	G	1
43	4	H	3
43	4	I	1
43	4	M	1
43	4	P	1
43	4	S	1
43	4	T	2
43	4	Y	2
43	5	A	2
43	5	D	6
43	5	F	2
43	5	G	1
43	5	I	3
43	5	M	3
43	5	Q	1
43	5	R	2
43	5	S	1
43	5	V	1
43	5	Y	4
43	6	C	1
43	6	D	2
43	6	E	1
43	6	H	1
43	6	I	1
43	6	K	1
43	6	M	1
43	6	N	1
43	6	Q	1
43	6	R	2
43	6	V	3
43	6	Y	3
43	8	A	2
43	8	C	1
43	8	D	3
43	8	E	2
43	8	I	2
43	8	K	1
43	8	L	1
43	8	N	3
43	8	P	1
43	8	R	2
43	8	T	1
43	8	V	1
43	8	Y	1
43	9	A	3
43	9	C	1
43	9	D	1
43	9	F	1
43	9	I	1
43	9	N	3
43	9	S	1
43	9	T	1
43	9	Y	1
43	10	A	3
43	10	D	4
43	10	E	3
43	10	F	2
43	10	H	1
43	10	M	1
43	10	N	1
43	10	P	1
43	10	Q	1
43	10	V	1
43	10	W	1
43	10	Y	3
44	0	C	3
44	0	I	2
44	0	M	1
44	0	P	1
44	0	Q	2
44	0	S	1
44	0	W	1
44	0	Y	2
44	1	A	2
44	1	D	2
44	1	F	1
44	1	G	1
44	1	I	2
44	1	M	2
44	1	P	2
44	1	Q	2
44	1	S	2
44	1	W	1
44	1	Y	4
44	2	C	1
44	2	D	1
44	2	F	1
44	2	G	2
44	2	K	1
44	2	M	1
44	2	P	2
44	2	R	1
44	2	S	1
44	2	V	1
44	2	Y	2
44	3	A	1
44	3	D	2
44	3	F	1
44	3	G	1
44	3	I	2
44	3	N	1
44	3	P	1
44	3	Y	2
44	4	A	1
44	4	C	1
44	4	D	1
44	4	E	1
44	4	F	2
44	4	G	1
44	4	H	3
44	4	I	1
44	4	M	1
44	4	P	1
44	4	S	1
44	4	T	1
44	4	Y	2
44	5	A	2
44	5	D	5
44	5	F	2
44	5	G	1
44	5	I	2
44	5	M	2
44	5	Q	1
44	5	R	2
44	5	S	1
44	5	T	1
44	5	V	1
44	5	Y	3
44	6	A	1
44	6	C	1
44	6	D	1
44	6	E	1
44	6	H	1
44	6	I	1
44	6	M	1
44	6	N	1
44	6	Q	1
44	6	R	2
44	6	V	3
44	6	Y	4
44	7	A	1
44	7	C	1
44	7	D	2
44	7	F	3
44	7	H	1
44	7	I	1
44	7	M	4
44	7	N	2
44	7	Q	1
44	7	R	3
44	7	V	1
44	10	A	3
44	10	D	3
44	10	E	3
44	10	F	2
44	10	G	1
44	10	H	1
44	10	L	1
44	10	M	1
44	10	N	3
44	10	Q	1
44	10	S	1
44	10	V	1
44	10	W	1
44	10	Y	3
45	0	A	1
45	0	C	2
45	0	I	2
45	0	P	1
45	0	Q	2
45	0	S	1
45	0	W	1
45	0	Y	2
45	1	A	2
45	1	D	2
45	1	E	1
45	1	G	1
45	1	I	2
45	1	L	1
45	1	M	2
45	1	P	2
45	1	Q	2
45	1	S	2
45	1	W	1
45	1	Y	5
45	2	C	1
45	2	D	2
45	2	F	1
45	2	G	2
45	2	K	1
45	2	M	1
45	2	P	2
45	2	R	1
45	2	S	1
45	2	V	1
45	2	Y	2
45	4	A	1
45	4	C	1
45	4	D	1
45	4	E	1
45	4	F	2
45	4	G	1
45	4	H	3
45	4	I	1
45	4	M	1
45	4	P	1
45	4	S	1
45	4	T	1
45	4	Y	2
45	5	A	1
45	5	D	6
45	5	F	2
45	5	G	1
45	5	H	1
45	5	I	3
45	5	M	3
45	5	Q	1
45	5	R	2
45	5	S	1
45	5	T	1
45	5	Y	4
45	6	D	2
45	6	E	1
45	6	H	1
45	6	K	1
45	6	N	1
45	6	Q	1
45	6	R	2
45	6	V	3
45	6	Y	3
45	7	A	1
45	7	C	4
45	7	D	2
45	7	F	3
45	7	H	1
45	7	I	1
45	7	M	5
45	7	N	2
45	7	Q	1
45	7	R	3
45	7	V	1
45	9	A	3
45	9	C	1
45	9	D	1
45	9	F	1
45	9	I	1
45	9	N	3
45	9	S	1
45	9	Y	1
46	0	A	1
46	0	C	3
46	0	I	1
46	0	M	1
46	0	P	1
46	0	Q	2
46	0	S	1
46	0	W	1
46	0	Y	2
46	2	C	1
46	2	D	2
46	2	F	1
46	2	G	2
46	2	K	1
46	2	M	1
46	2	P	2
46	2	R	1
46	2	S	1
46	2	V	1
46	2	Y	2
46	3	A	1
46	3	D	1
46	3	F	1
46	3	G	2
46	3	I	2
46	3	N	1
46	3	P	1
46	3	Y	2
46	4	A	1
46	4	C	1
46	4	E	1
46	4	F	1
46	4	G	1
46	4	H	3
46	4	I	1
46	4	M	1
46	4	P	1
46	4	S	1
46	4	T	1
46	4	Y	2
46	5	A	2
46	5	D	6
46	5	F	2
46	5	G	1
46	5	H	1
46	5	I	3
46	5	M	3
46	5	Q	1
46	5	R	2
46	5	S	1
46	5	T	1
46	5	V	1
46	5	Y	4
46	6	A	1
46	6	C	1
46	6	D	2
46	6	E	1
46	6	H	1
46	6	I	1
46	6	K	1
46	6	M	1
46	6	N	1
46	6	Q	1
46	6	R	1
46	6	V	3
46	6	Y	4
46	7	A	1
46	7	C	2
46	7	D	2
46	7	F	3
46	7	H	1
46	7	M	4
46	7	N	2
46	7	Q	1
46	7	R	3
46	7	V	1
46	8	A	4
46	8	C	1
46	8	D	3
46	8	E	2
46	8	I	2
46	8	K	1
46	8	N	3
46	8	P	1
46	8	R	2
46	8	T	1
46	8	Y	1
46	10	A	3
46	10	D	2
46	10	E	2
46	10	F	2
46	10	G	1
46	10	H	1
46	10	L	1
46	10	M	1
46	10	N	3
46	10	P	1
46	10	Q	1
46	10	S	1
46	10	V	1
46	10	W	1
46	10	Y	4
47	0	A	1
47	0	C	3
47	0	I	2
47	0	P	1
47	0	Q	2
47	0	S	1
47	0	W	1
47	0	Y	2
47	1	A	2
47	1	D	1
47	1	E	1
47	1	F	1
47	1	G	1
47	1	I	2
47	1	L	1
47	1	M	1
47	1	P	2
47	1	Q	2
47	1	S	2
47	1	W	1
47	1	Y	5
47	2	D	1
47	2	F	1
47	2	G	2
47	2	K	1
47	2	M	1
47	2	S	1
47	2	V	1
47	2	Y	2
47	3	A	1
47	3	D	2
47	3	F	1
47	3	G	2
47	3	I	2
47	3	N	1
47	3	P	1
47	3	Y	1
47	5	A	2
47	5	D	5
47	5	F	2
47	5	G	1
47	5	H	1
47	5	I	3
47	5	M	3
47	5	Q	1
47	5	R	1
47	5	S	1
47	5	T	1
47	5	Y	3
47	6	A	1
47	6	D	2
47	6	E	1
47	6	H	1
47	6	K	1
47	6	M	1
47	6	N	1
47	6	Q	1
47	6	R	1
47	6	V	3
47	6	Y	4
47	7	C	4
47	7	D	2
47	7	F	3
47	7	H	1
47	7	I	1
47	7	M	4
47	7	N	2
47	7	Q	1
47	7	R	3
47	7	V	1
47	10	A	3
47	10	D	4
47	10	E	3
47	10	F	2
47	10	G	1
47	10	L	1
47	10	M	1
47	10	N	3
47	10	P	1
47	10	S	1
47	10	W	1
47	10	Y	4
48	1	A	2
48	1	D	2
48	1	E	1
48	1	F	1
48	1	G	1
48	1	I	2
48	1	L	1
48	1	M	2
48	1	P	2
48	1	Q	1
48	1	S	2
48	1	W	1
48	1	Y	4
48	2	C	1
48	2	D	2
48	2	F	1
48	2	G	2
48	2	K	1
48	2	M	1
48	2	P	2
48	2	R	1
48	2	S	1
48	2	V	1
48	2	Y	1
48	3	A	1
48	3	D	2
48	3	F	1
48	3	G	1
48	3	I	2
48	3	N	1
48	3	Y	2
48	4	A	1
48	4	C	1
48	4	E	1
48	4	F	2
48	4	G	1
48	4	H	3
48	4	I	1
48	4	M	1
48	4	P	1
48	4	S	1
48	4	T	1
48	4	Y	2
48	5	A	2
48	5	D	6
48	5	F	2
48	5	G	1
48	5	H	1
48	5	I	3
48	5	M	3
48	5	Q	1
48	5	R	2
48	5	S	1
48	5	T	1
48	5	V	1
48	5	Y	2
48	6	A	1
48	6	C	1
48	6	D	2
48	6	E	1
48	6	H	1
48	6	I	1
48	6	K	1
48	6	M	1
48	6	N	1
48	6	Q	1
48	6	R	2
48	6	V	3
48	6	Y	4
48	7	A	1
48	7	C	4
48	7	D	2
48	7	F	3
48	7	H	1
48	7	I	1
48	7	M	5
48	7	N	2
48	7	Q	1
48	7	R	3
48	7	V	1
48	10	A	3
48	10	D	3
48	10	E	3
48	10	F	2
48	10	G	1
48	10	H	1
48	10	L	1
48	10	M	1
48	10	N	3
48	10	P	1
48	10	Q	1
48	10	S	1
48	10	V	1
48	10	W	1
48	10	Y	4
49	0	A	1
49	0	C	2
49	0	I	2
49	0	M	1
49	0	P	1
49	0	Q	1
49	0	S	1
49	0	W	1
49	0	Y	2
49	1	A	2
49	1	D	2
49	1	E	1
49	1	F	1
49	1	G	1
49	1	I	2
49	1	L	1
49	1	M	2
49	1	P	2
49	1	Q	2
49	1	S	1
49	1	W	1
49	1	Y	4
49	2	C	1
49	2	D	2
49	2	F	1
49	2	G	2
49	2	K	1
49	2	M	1
49	2	P	2
49	2	R	1
49	2	S	1
49	2	V	1
49	2	Y	1
49	3	A	1
49	3	D	2
49	3	F	1
49	3	G	2
49	3	I	2
49	3	N	1
49	3	P	1
49	3	Y	2
49	4	A	1
49	4	C	1
49	4	D	1
49	4	E	1
49	4	F	2
49	4	G	1
49	4	H	3
49	4	I	1
49	4	M	1
49	4	P	1
49	4	S	1
49	4	T	2
49	4	Y	1
49	5	A	1
49	5	D	6
49	5	F	2
49	5	G	1
49	5	H	1
49	5	I	2
49	5	M	3
49	5	Q	1
49	5	R	2
49	5	S	1
49	5	T	1
49	5	V	1
49	5	Y	3
49	6	A	1
49	6	C	1
49	6	D	2
49	6	E	1
49	6	H	1
49	6	I	1
49	6	K	1
49	6	M	1
49	6	N	1
49	6	R	1
49	6	V	3
49	6	Y	3
49	9	A	3
49	9	C	1
49	9	D	1
49	9	F	1
49	9	I	1
49	9	N	3
49	9	S	1
49	9	T	1
49	9	Y	1
49	10	A	3
49	10	D	1
49	10	E	3
49	10	F	2
49	10	G	1
49	10	H	1
49	10	L	1
49	10	M	1
49	10	N	2
49	10	P	1
49	10	Q	1
49	10	S	1
49	10	V	1
49	10	W	1
49	10	Y	4
50	0	A	1
50	0	C	3
50	0	I	2
50	0	M	1
50	0	Q	2
50	0	S	1
50	0	W	1
50	0	Y	2
50	1	A	2
50	1	D	2
50	1	E	1
50	1	F	1
50	1	G	1
50	1	I	2
50	1	L	1
50	1	M	2
50	1	P	2
50	1	Q	1
50	1	S	2
50	1	W	1
50	1	Y	5
50	2	C	1
50	2	D	2
50	2	F	1
50	2	G	2
50	2	K	1
50	2	M	1
50	2	P	1
50	2	R	1
50	2	S	1
50	2	V	1
50	2	Y	2
50	3	A	1
50	3	D	2
50	3	F	1
50	3	G	2
50	3	I	2
50	3	N	1
50	3	P	1
50	3	Y	2
50	4	C	1
50	4	D	1
50	4	E	1
50	4	F	2
50	4	G	1
50	4	H	2
50	4	I	1
50	4	M	1
50	4	P	1
50	4	S	1
50	4	T	1
50	4	Y	2
50	5	A	2
50	5	D	6
50	5	F	2
50	5	G	1
50	5	H	1
50	5	I	3
50	5	M	3
50	5	Q	1
50	5	R	1
50	5	S	1
50	5	T	1
50	5	V	1
50	5	Y	4
50	6	A	1
50	6	C	1
50	6	D	2
50	6	E	1
50	6	H	1
50	6	I	1
50	6	K	1
50	6	M	1
50	6	N	1
50	6	Q	1
50	6	R	1
50	6	V	2
50	6	Y	3
50	7	A	1
50	7	C	3
50	7	D	1
50	7	F	3
50	7	H	1
50	7	I	1
50	7	M	4
50	7	N	2
50	7	Q	1
50	7	R	3
50	7	V	1
50	9	A	3
50	9	C	1
50	9	D	1
50	9	F	1
50	9	I	1
50	9	N	2
50	9	S	1
50	9	T	1
51	0	A	1
51	0	C	1
51	0	I	2
51	0	M	1
51	0	P	1
51	0	Q	1
51	0	S	1
51	0	W	1
51	0	Y	1
51	1	A	2
51	1	D	2
51	1	E	1
51	1	F	1
51	1	I	2
51	1	L	1
51	1	M	2
51	1	P	2
51	1	Q	2
51	1	S	2
51	1	W	1
51	1	Y	5
51	2	C	1
51	2	D	1
51	2	F	1
51	2	G	2
51	2	K	1
51	2	M	1
51	2	P	2
51	2	R	1
51	2	S	1
51	2	V	1
51	2	Y	2
51	3	A	1
51	3	D	2
51	3	F	1
51	3	G	2
51	3	I	2
51	3	N	1
51	3	P	1
51	3	Y	2
51	4	A	1
51	4	C	1
51	4	D	1
51	4	E	1
51	4	F	2
51	4	G	1
51	4	H	2
51	4	I	1
51	4	M	1
51	4	P	1
51	4	S	1
51	4	T	1
51	4	Y	1
51	5	A	2
51	5	D	5
51	5	F	2
51	5	G	1
51	5	H	1
51	5	I	3
51	5	M	3
51	5	Q	1
51	5	R	2
51	5	T	1
51	5	V	1
51	5	Y	4
51	8	A	4
51	8	C	1
51	8	D	3
51	8	E	2
51	8	I	2
51	8	K	1
51	8	L	1
51	8	N	2
51	8	P	1
51	8	R	1
51	8	T	1
51	8	V	1
51	8	Y	1
51	9	A	3
51	9	C	1
51	9	D	1
51	9	I	1
51	9	N	3
51	9	S	1
51	9	T	1
51	9	Y	1
52	0	A	1
52	0	C	3
52	0	I	2
52	0	M	1
52	0	P	1
52	0	Q	1
52	0	S	1
52	0	W	1
52	0	Y	1
52	1	A	2
52	1	D	2
52	1	E	1
52	1	F	1
52	1	G	1
52	1	I	2
52	1	L	1
52	1	M	2
52	1	P	2
52	1	Q	2
52	1	S	2
52	1	W	1
52	1	Y	4
52	2	D	2
52	2	F	1
52	2	G	2
52	2	K	1
52	2	M	1
52	2	P	2
52	2	R	1
52	2	S	1
52	2	V	1
52	2	Y	2
52	3	A	1
52	3	D	2
52	3	F	1
52	3	G	2
52	3	I	2
52	3	N	1
52	3	P	1
52	3	Y	2
52	4	A	1
52	4	C	1
52	4	D	1
52	4	E	1
52	4	F	2
52	4	G	1
52	4	H	2
52	4	I	1
52	4	P	1
52	4	S	1
52	4	T	1
52	4	Y	1
52	5	A	2
52	5	D	5
52	5	F	2
52	5	G	1
52	5	H	1
52	5	I	3
52	5	M	3
52	5	Q	1
52	5	R	2
52	5	S	1
52	5	T	1
52	5	Y	3
52	6	A	1
52	6	D	2
52	6	E	1
52	6	H	1
52	6	K	1
52	6	M	1
52	6	N	1
52	6	Q	1
52	6	R	2
52	6	V	3
52	6	Y	4
52	7	A	1
52	7	C	4
52	7	D	2
52	7	F	3
52	7	H	1
52	7	I	1
52	7	M	4
52	7	N	2
52	7	R	2
52	7	V	1
52	9	A	3
52	9	C	1
52	9	D	1
52	9	F	1
52	9	I	1
52	9	N	2
52	9	S	1
52	9	T	1
52	9	Y	1
52	10	A	3
52	10	D	3
52	10	E	3
52	10	F	2
52	10	G	1
52	10	H	1
52	10	L	1
52	10	M	1
52	10	N	3
52	10	P	1
52	10	Q	1
52	10	S	1
52	10	V	1
52	10	W	1
52	10	Y	4
53	0	A	1
53	0	C	3
53	0	I	2
53	0	M	1
53	0	Q	2
53	0	S	1
53	0	Y	2
53	1	A	2
53	1	D	2
53	1	E	1
53	1	F	1
53	1	I	2
53	1	L	1
53	1	M	2
53	1	P	2
53	1	Q	2
53	1	S	2
53	1	Y	4
53	2	D	2
53	2	G	2
53	2	P	2
53	2	R	1
53	2	S	1
53	2	V	1
53	2	Y	2
53	3	A	1
53	3	D	2
53	3	F	1
53	3	G	1
53	3	I	2
53	3	Y	2
53	4	A	1
53	4	C	1
53	4	D	1
53	4	E	1
53	4	F	2
53	4	G	1
53	4	H	3
53	4	I	1
53	4	M	1
53	4	P	1
53	4	S	1
53	4	T	2
53	4	Y	2
53	5	A	2
53	5	D	6
53	5	F	2
53	5	G	1
53	5	H	1
53	5	I	3
53	5	M	3
53	5	Q	1
53	5	R	2
53	5	S	1
53	5	T	1
53	5	V	1
53	5	Y	4
53	6	A	1
53	6	C	1
53	6	D	2
53	6	E	1
53	6	H	1
53	6	I	1
53	6	K	1
53	6	M	1
53	6	N	1
53	6	Q	1
53	6	R	1
53	6	V	2
53	6	Y	3
53	8	A	3
53	8	C	1
53	8	D	2
53	8	E	2
53	8	I	2
53	8	K	1
53	8	N	2
53	8	R	2
53	8	T	1
53	8	V	1
53	9	A	2
53	9	D	1
53	9	F	1
53	9	I	1
53	9	N	3
53	9	S	1
53	9	T	1
53	9	Y	1
54	0	A	1
54	0	C	3
54	0	I	1
54	0	M	1
54	0	P	1
54	0	Q	2
54	0	S	1
54	0	W	1
54	0	Y	2
54	1	A	2
54	1	D	2
54	1	E	1
54	1	F	1
54	1	G	1
54	1	I	1
54	1	L	1
54	1	M	2
54	1	P	2
54	1	Q	2
54	1	S	2
54	1	W	1
54	1	Y	3
54	3	A	1
54	3	D	2
54	3	F	1
54	3	G	2
54	3	I	2
54	3	N	1
54	3	P	1
54	3	Y	1
54	4	A	1
54	4	C	1
54	4	D	1
54	4	E	1
54	4	F	1
54	4	G	1
54	4	H	3
54	4	I	1
54	4	M	1
54	4	S	1
54	4	T	2
54	4	Y	2
54	5	A	2
54	5	D	4
54	5	F	2
54	5	G	1
54	5	H	1
54	5	I	3
54	5	M	3
54	5	Q	1
54	5	R	2
54	5	S	1
54	5	T	1
54	5	V	1
54	5	Y	4
54	6	A	1
54	6	C	1
54	6	D	1
54	6	E	1
54	6	H	1
54	6	I	1
54	6	M	1
54	6	Q	1
54	6	R	2
54	6	V	3
54	6	Y	4
54	9	A	3
54	9	F	1
54	9	I	1
54	9	N	2
54	9	S	1
54	9	Y	1
54	10	A	3
54	10	D	2
54	10	E	3
54	10	F	2
54	10	G	1
54	10	H	1
54	10	L	1
54	10	M	1
54	10	N	3
54	10	P	1
54	10	Q	1
54	10	S	1
54	10	V	1
54	10	W	1
54	10	Y	2
55	0	A	1
55	0	C	3
55	0	I	2
55	0	M	1
55	0	P	1
55	0	Q	2
55	0	S	1
55	0	W	1
55	0	Y	2
55	1	A	1
55	1	D	2
55	1	E	1
55	1	F	1
55	1	G	1
55	1	I	2
55	1	L	1
55	1	M	2
55	1	P	2
55	1	Q	2
55	1	S	2
55	1	W	1
55	1	Y	5
55	2	C	1
55	2	D	2
55	2	F	1
55	2	G	2
55	2	K	1
55	2	M	1
55	2	P	2
55	2	R	1
55	2	S	1
55	2	V	1
55	2	Y	2
55	3	A	1
55	3	D	2
55	3	F	1
55	3	G	2
55	3	I	2
55	3	N	1
55	3	P	1
55	3	Y	1
55	4	A	1
55	4	C	1
55	4	E	1
55	4	F	2
55	4	G	1
55	4	H	2
55	4	I	1
55	4	M	1
55	4	S	1
55	4	T	1
55	4	Y	2
55	5	A	2
55	5	D	6
55	5	F	2
55	5	G	1
55	5	H	1
55	5	I	2
55	5	M	3
55	5	Q	1
55	5	R	2
55	5	S	1
55	5	T	1
55	5	V	1
55	5	Y	3
55	6	C	1
55	6	D	2
55	6	E	1
55	6	H	1
55	6	I	1
55	6	K	1
55	6	M	1
55	6	N	1
55	6	Q	1
55	6	R	2
55	6	V	3
55	6	Y	4
55	7	A	1
55	7	C	4
55	7	D	2
55	7	F	3
55	7	H	1
55	7	I	1
55	7	M	5
55	7	N	2
55	7	Q	1
55	7	R	3
55	7	V	1
55	8	A	4
55	8	C	1
55	8	D	3
55	8	E	2
55	8	I	2
55	8	K	1
55	8	N	1
55	8	P	1
55	8	R	2
55	8	T	1
55	8	V	1
55	8	Y	1
56	0	A	1
56	0	C	3
56	0	I	2
56	0	P	1
56	0	Q	2
56	0	S	1
56	0	W	1
56	0	Y	2
56	1	A	2
56	1	D	2
56	1	E	1
56	1	F	1
56	1	G	1
56	1	I	2
56	1	L	1
56	1	M	2
56	1	P	2
56	1	Q	2
56	1	S	2
56	1	Y	5
56	2	C	1
56	2	D	2
56	2	F	1
56	2	G	1
56	2	K	1
56	2	M	1
56	2	P	2
56	2	R	1
56	2	S	1
56	2	V	1
56	2	Y	2
56	3	A	1
56	3	D	2
56	3	F	1
56	3	G	2
56	3	I	2
56	3	N	1
56	3	P	1
56	3	Y	2
56	4	A	1
56	4	C	1
56	4	D	1
56	4	E	1
56	4	F	2
56	4	G	1
56	4	H	2
56	4	I	1
56	4	M	1
56	4	P	1
56	4	S	1
56	4	T	1
56	4	Y	2
56	5	A	2
56	5	D	6
56	5	F	2
56	5	G	1
56	5	H	1
56	5	I	3
56	5	M	2
56	5	Q	1
56	5	R	2
56	5	S	1
56	5	V	1
56	5	Y	4
56	6	A	1
56	6	C	1
56	6	D	2
56	6	E	1
56	6	H	1
56	6	I	1
56	6	K	1
56	6	N	1
56	6	Q	1
56	6	R	2
56	6	V	3
56	6	Y	3
56	9	A	3
56	9	C	1
56	9	I	1
56	9	N	2
56	9	T	1
56	9	Y	1
57	0	A	1
57	0	C	3
57	0	I	2
57	0	M	1
57	0	P	1
57	0	Q	2
57	0	S	1
57	0	W	1
57	0	Y	2
57	1	A	1
57	1	D	2
57	1	E	1
57	1	F	1
57	1	G	1
57	1	I	2
57	1	L	1
57	1	M	2
57	1	P	2
57	1	Q	2
57	1	S	2
57	1	Y	5
57	2	C	1
57	2	D	2
57	2	F	1
57	2	G	2
57	2	K	1
57	2	M	1
57	2	P	2
57	2	R	1
57	2	S	1
57	2	V	1
57	2	Y	1
57	3	F	1
57	3	G	1
57	3	I	2
57	3	N	1
57	3	Y	2
57	4	A	1
57	4	C	1
57	4	D	1
57	4	E	1
57	4	F	1
57	4	G	1
57	4	H	2
57	4	I	1
57	4	P	1
57	4	S	1
57	4	T	2
57	4	Y	2
57	5	A	2
57	5	D	5
57	5	F	2
57	5	G	1
57	5	H	1
57	5	I	3
57	5	M	3
57	5	Q	1
57	5	R	2
57	5	S	1
57	5	T	1
57	5	V	1
57	5	Y	4
57	6	A	1
57	6	C	1
57	6	D	2
57	6	E	1
57	6	H	1
57	6	I	1
57	6	K	1
57	6	M	1
57	6	N	1
57	6	Q	1
57	6	R	2
57	6	V	3
57	6	Y	3
57	9	A	2
57	9	C	1
57	9	D	1
57	9	F	1
57	9	I	1
57	9	N	3
57	9	S	1
57	9	T	1
57	9	Y	1
58	0	A	1
58	0	C	3
58	0	I	2
58	0	M	1
58	0	P	1
58	0	Q	2
58	0	S	1
58	0	W	1
58	0	Y	1
58	1	A	2
58	1	D	2
58	1	E	1
58	1	F	1
58	1	G	1
58	1	I	2
58	1	L	1
58	1	M	2
58	1	P	2
58	1	Q	2
58	1	S	1
58	1	Y	5
58	2	C	1
58	2	D	2
58	2	F	1
58	2	G	2
58	2	K	1
58	2	M	1
58	2	P	2
58	2	R	1
58	2	S	1
58	2	Y	1
58	4	A	1
58	4	C	1
58	4	D	1
58	4	E	1
58	4	F	1
58	4	G	1
58	4	H	3
58	4	M	1
58	4	P	1
58	4	S	1
58	4	T	2
58	4	Y	2
58	5	A	2
58	5	D	6
58	5	F	2
58	5	G	1
58	5	H	1
58	5	I	3
58	5	M	2
58	5	Q	1
58	5	R	1
58	5	S	1
58	5	T	1
58	5	V	1
58	5	Y	4
58	6	A	1
58	6	C	1
58	6	D	2
58	6	E	1
58	6	H	1
58	6	I	1
58	6	K	1
58	6	M	1
58	6	N	1
58	6	R	2
58	6	V	2
58	6	Y	3
58	10	A	3
58	10	D	4
58	10	E	3
58	10	F	2
58	10	G	1
58	10	H	1
58	10	L	1
58	10	M	1
58	10	N	3
58	10	P	1
58	10	Q	1
58	10	S	1
58	10	V	1
58	10	Y	4
59	0	A	1
59	0	C	3
59	0	I	2
59	0	M	1
59	0	P	1
59	0	Q	2
59	0	S	1
59	0	W	1
59	0	Y	2
59	1	A	1
59	1	D	2
59	1	E	1
59	1	F	1
59	1	G	1
59	1	I	2
59	1	L	1
59	1	M	1
59	1	P	2
59	1	Q	2
59	1	S	1
59	1	W	1
59	1	Y	5
59	2	C	1
59	2	D	2
59	2	F	1
59	2	G	2
59	2	K	1
59	2	M	1
59	2	P	1
59	2	R	1
59	2	S	1
59	2	V	1
59	2	Y	1
59	3	A	1
59	3	D	2
59	3	G	1
59	3	I	1
59	3	N	1
59	3	P	1
59	3	Y	2
59	4	A	1
59	4	C	1
59	4	D	1
59	4	E	1
59	4	F	2
59	4	H	3
59	4	I	1
59	4	M	1
59	4	P	1
59	4	S	1
59	4	T	2
59	4	Y	2
59	5	A	2
59	5	D	6
59	5	F	1
59	5	G	1
59	5	H	1
59	5	I	3
59	5	M	3
59	5	Q	1
59	5	R	2
59	5	S	1
59	5	T	1
59	5	V	1
59	5	Y	3
59	6	A	1
59	6	C	1
59	6	D	2
59	6	E	1
59	6	H	1
59	6	I	1
59	6	K	1
59	6	M	1
59	6	N	1
59	6	Q	1
59	6	R	2
59	6	V	2
59	6	Y	4
59	8	A	4
59	8	C	1
59	8	D	3
59	8	E	2
59	8	I	2
59	8	K	1
59	8	L	1
59	8	N	3
59	8	P	1
59	8	R	2
59	8	T	1
59	8	V	1
59	8	Y	1
59	10	A	2
59	10	D	3
59	10	E	3
59	10	F	2
59	10	G	1
59	10	H	1
59	10	L	1
59	10	N	3
59	10	P	1
59	10	Q	1
59	10	S	1
59	10	V	1
59	10	Y	4
60	0	A	1
60	0	C	3
60	0	I	2
60	0	M	1
60	0	P	1
60	0	Q	2
60	0	W	1
60	0	Y	2
60	1	A	2
60	1	D	2
60	1	E	1
60	1	F	1
60	1	G	1
60	1	I	2
60	1	M	1
60	1	P	2
60	1	Q	2
60	1	S	2
60	1	W	1
60	1	Y	5
60	2	C	1
60	2	D	1
60	2	F	1
60	2	G	2
60	2	K	1
60	2	M	1
60	2	P	2
60	2	R	1
60	2	V	1
60	2	Y	1
60	3	A	1
60	3	D	2
60	3	G	2
60	3	I	2
60	3	N	1
60	3	P	1
60	3	Y	2
60	4	C	1
60	4	D	1
60	4	E	1
60	4	F	2
60	4	G	1
60	4	H	3
60	4	I	1
60	4	M	1
60	4	P	1
60	4	S	1
60	4	T	2
60	4	Y	1
60	5	A	2
60	5	D	5
60	5	F	2
60	5	G	1
60	5	H	1
60	5	I	3
60	5	M	3
60	5	Q	1
60	5	R	2
60	5	S	1
60	5	T	1
60	5	V	1
60	5	Y	3
61	0	A	1
61	0	C	1
61	0	I	1
61	0	M	1
61	0	P	1
61	0	Q	1
61	0	S	1
61	0	W	1
61	0	Y	2
61	1	A	1
61	1	D	2
61	1	E	1
61	1	F	1
61	1	G	1
61	1	I	2
61	1	L	1
61	1	M	2
61	1	P	2
61	1	Q	1
61	1	S	1
61	1	W	1
61	1	Y	3
61	2	D	2
61	2	F	1
61	2	G	2
61	2	M	1
61	2	P	2
61	2	R	1
61	2	S	1
61	2	V	1
61	2	Y	1
61	4	A	1
61	4	C	1
61	4	D	1
61	4	E	1
61	4	F	2
61	4	G	1
61	4	H	3
61	4	S	1
61	4	T	2
61	4	Y	2
61	5	A	2
61	5	D	6
61	5	F	2
61	5	H	1
61	5	I	3
61	5	M	3
61	5	Q	1
61	5	R	1
61	5	S	1
61	5	T	1
61	5	V	1
61	5	Y	4
61	6	D	2
61	6	E	1
61	6	H	1
61	6	I	1
61	6	K	1
61	6	M	1
61	6	Q	1
61	6	R	2
61	6	V	3
61	6	Y	3
61	7	A	1
61	7	C	3
61	7	D	2
61	7	F	3
61	7	H	1
61	7	I	1
61	7	M	4
61	7	N	2
61	7	Q	1
61	7	R	3
61	7	V	1
62	0	C	2
62	0	I	2
62	0	M	1
62	0	P	1
62	0	Q	2
62	0	S	1
62	0	W	1
62	0	Y	2
62	1	A	2
62	1	D	2
62	1	E	1
62	1	G	1
62	1	I	2
62	1	L	1
62	1	M	2
62	1	P	2
62	1	Q	2
62	1	S	2
62	1	W	1
62	1	Y	5
62	2	C	1
62	2	D	1
62	2	F	1
62	2	G	2
62	2	K	1
62	2	M	1
62	2	P	2
62	2	R	1
62	2	V	1
62	2	Y	2
62	3	A	1
62	3	D	2
62	3	F	1
62	3	G	2
62	3	I	2
62	3	N	1
62	3	P	1
62	3	Y	2
62	4	A	1
62	4	C	1
62	4	D	1
62	4	F	2
62	4	G	1
62	4	H	2
62	4	M	1
62	4	P	1
62	4	S	1
62	4	T	2
62	4	Y	2
62	6	A	1
62	6	C	1
62	6	D	2
62	6	E	1
62	6	H	1
62	6	I	1
62	6	K	1
62	6	M	1
62	6	Q	1
62	6	R	1
62	6	V	3
62	6	Y	4
62	8	A	4
62	8	C	1
62	8	D	2
62	8	E	2
62	8	I	2
62	8	K	1
62	8	L	1
62	8	N	3
62	8	P	1
62	8	R	2
62	8	T	1
62	8	V	1
62	8	Y	1
62	9	A	3
62	9	C	1
62	9	D	1
62	9	F	1
62	9	I	1
62	9	N	2
62	9	S	1
62	9	T	1
62	9	Y	1
62	10	A	3
62	10	D	3
62	10	E	3
62	10	F	2
62	10	G	1
62	10	H	1
62	10	M	1
62	10	N	3
62	10	P	1
62	10	Q	1
62	10	S	1
62	10	W	1
62	10	Y	4
63	0	A	1
63	0	C	3
63	0	I	2
63	0	M	1
63	0	P	1
63	0	Q	2
63	0	Y	2
63	1	A	2
63	1	D	2
63	1	E	1
63	1	F	1
63	1	G	1
63	1	I	2
63	1	L	1
63	1	M	2
63	1	P	2
63	1	Q	2
63	1	S	2
63	1	W	1
63	1	Y	5
63	2	C	1
63	2	D	2
63	2	F	1
63	2	G	2
63	2	M	1
63	2	P	1
63	2	R	1
63	2	Y	2
63	3	A	1
63	3	D	2
63	3	F	1
63	3	G	2
63	3	I	2
63	3	P	1
63	3	Y	2
63	4	A	1
63	4	C	1
63	4	D	1
63	4	E	1
63	4	F	2
63	4	G	1
63	4	H	3
63	4	I	1
63	4	M	1
63	4	P	1
63	4	S	1
63	4	T	2
63	4	Y	2
63	6	A	1
63	6	D	1
63	6	E	1
63	6	H	1
63	6	I	1
63	6	K	1
63	6	M	1
63	6	N	1
63	6	Q	1
63	6	R	2
63	6	V	3
63	6	Y	3
63	7	A	1
63	7	C	4
63	7	D	1
63	7	F	3
63	7	H	1
63	7	I	1
63	7	M	4
63	7	N	1
63	7	Q	1
63	7	R	2
63	7	V	1
63	8	A	4
63	8	C	1
63	8	D	2
63	8	E	2
63	8	I	2
63	8	K	1
63	8	L	1
63	8	N	3
63	8	P	1
63	8	R	2
63	8	T	1
63	8	V	1
63	8	Y	1
64	0	A	1
64	0	C	3
64	0	I	2
64	0	M	1
64	0	P	1
64	0	Q	2
64	0	S	1
64	0	W	1
64	0	Y	2
64	1	A	2
64	1	D	2
64	1	E	1
64	1	F	1
64	1	G	1
64	1	I	2
64	1	L	1
64	1	M	2
64	1	P	1
64	1	Q	2
64	1	S	2
64	1	W	1
64	1	Y	4
64	2	C	1
64	2	D	2
64	2	F	1
64	2	G	2
64	2	K	1
64	2	M	1
64	2	P	2
64	2	R	1
64	2	S	1
64	2	Y	2
64	3	A	1
64	3	D	2
64	3	F	1
64	3	G	2
64	3	I	2
64	3	N	1
64	3	P	1
64	3	Y	1
64	4	A	1
64	4	D	1
64	4	E	1
64	4	F	1
64	4	G	1
64	4	H	3
64	4	I	1
64	4	P	1
64	4	S	1
64	4	T	2
64	4	Y	2
64	6	A	1
64	6	C	1
64	6	D	2
64	6	E	1
64	6	H	1
64	6	I	1
64	6	K	1
64	6	M	1
64	6	Q	1
64	6	R	1
64	6	V	3
64	6	Y	3
64	8	A	2
64	8	C	1
64	8	D	3
64	8	E	2
64	8	I	2
64	8	N	3
64	8	P	1
64	8	R	2
64	8	T	1
64	8	V	1
64	8	Y	1
65	0	A	1
65	0	C	3
65	0	I	2
65	0	M	1
65	0	P	1
65	0	Q	1
65	0	S	1
65	0	W	1
65	0	Y	2
65	1	A	1
65	1	D	2
65	1	E	1
65	1	F	1
65	1	G	1
65	1	I	2
65	1	L	1
65	1	M	1
65	1	P	2
65	1	Q	2
65	1	S	1
65	1	W	1
65	1	Y	4
65	2	C	1
65	2	D	2
65	2	F	1
65	2	G	2
65	2	K	1
65	2	M	1
65	2	P	1
65	2	R	1
65	2	S	1
65	2	V	1
65	2	Y	2
65	3	A	1
65	3	D	1
65	3	F	1
65	3	G	1
65	3	I	1
65	3	N	1
65	3	P	1
65	3	Y	1
65	4	A	1
65	4	D	1
65	4	E	1
65	4	F	2
65	4	G	1
65	4	H	3
65	4	I	1
65	4	M	1
65	4	P	1
65	4	S	1
65	4	T	2
65	4	Y	2
65	5	A	2
65	5	D	4
65	5	F	2
65	5	H	1
65	5	I	3
65	5	M	2
65	5	R	2
65	5	S	1
65	5	T	1
65	5	Y	4
65	6	A	1
65	6	D	2
65	6	E	1
65	6	H	1
65	6	I	1
65	6	K	1
65	6	M	1
65	6	N	1
65	6	Q	1
65	6	R	1
65	6	V	3
65	6	Y	4
65	7	A	1
65	7	C	4
65	7	D	2
65	7	F	3
65	7	H	1
65	7	I	1
65	7	M	5
65	7	N	2
65	7	Q	1
65	7	R	3
65	7	V	1
65	8	A	4
65	8	C	1
65	8	D	2
65	8	E	2
65	8	I	2
65	8	K	1
65	8	L	1
65	8	N	3
65	8	P	1
65	8	R	2
65	8	T	1
65	8	V	1
65	8	Y	1
65	9	A	3
65	9	C	1
65	9	D	1
65	9	F	1
65	9	I	1
65	9	N	3
65	9	S	1
65	9	T	1
65	9	Y	1
65	10	A	3
65	10	D	4
65	10	E	2
65	10	F	2
65	10	G	1
65	10	H	1
65	10	L	1
65	10	M	1
65	10	N	3
65	10	Q	1
65	10	S	1
65	10	V	1
65	10	W	1
65	10	Y	4
66	0	C	2
66	0	I	2
66	0	M	1
66	0	P	1
66	0	Q	2
66	0	S	1
66	0	W	1
66	0	Y	1
66	1	D	2
66	1	F	1
66	1	G	1
66	1	I	2
66	1	L	1
66	1	M	2
66	1	P	1
66	1	Q	2
66	1	S	1
66	1	W	1
66	1	Y	5
66	2	C	1
66	2	D	2
66	2	F	1
66	2	G	2
66	2	K	1
66	2	M	1
66	2	P	2
66	2	R	1
66	2	S	1
66	2	V	1
66	2	Y	1
66	3	A	1
66	3	D	2
66	3	F	1
66	3	G	2
66	3	I	2
66	3	N	1
66	3	P	1
66	3	Y	2
66	4	A	1
66	4	C	1
66	4	D	1
66	4	E	1
66	4	F	2
66	4	H	3
66	4	I	1
66	4	M	1
66	4	P	1
66	4	S	1
66	4	T	2
66	4	Y	2
66	5	A	1
66	5	D	5
66	5	F	1
66	5	G	1
66	5	H	1
66	5	I	2
66	5	M	2
66	5	Q	1
66	5	R	2
66	5	T	1
66	5	V	1
66	5	Y	4
66	6	A	1
66	6	C	1
66	6	D	2
66	6	E	1
66	6	H	1
66	6	I	1
66	6	M	1
66	6	N	1
66	6	Q	1
66	6	R	2
66	6	V	3
66	6	Y	3
66	7	C	3
66	7	D	2
66	7	F	3
66	7	H	1
66	7	M	5
66	7	N	2
66	7	Q	1
66	7	R	3
66	9	A	2
66	9	C	1
66	9	D	1
66	9	I	1
66	9	N	3
66	9	S	1
66	9	T	1
67	1	A	2
67	1	D	1
67	1	E	1
67	1	F	1
67	1	G	1
67	1	I	1
67	1	L	1
67	1	M	2
67	1	P	2
67	1	Q	2
67	1	S	2
67	1	W	1
67	1	Y	5
67	2	D	2
67	2	F	1
67	2	G	2
67	2	K	1
67	2	M	1
67	2	P	2
67	2	R	1
67	2	S	1
67	2	V	1
67	2	Y	2
67	3	A	1
67	3	D	2
67	3	F	1
67	3	G	2
67	3	I	1
67	3	N	1
67	3	Y	2
67	4	A	1
67	4	C	1
67	4	D	1
67	4	E	1
67	4	F	1
67	4	G	1
67	4	H	3
67	4	I	1
67	4	M	1
67	4	P	1
67	4	T	2
67	4	Y	2
67	6	A	1
67	6	C	1
67	6	D	2
67	6	E	1
67	6	H	1
67	6	I	1
67	6	M	1
67	6	Q	1
67	6	R	2
67	6	V	3
67	6	Y	3
67	7	A	1
67	7	C	4
67	7	D	2
67	7	F	3
67	7	H	1
67	7	I	1
67	7	M	5
67	7	N	2
67	7	Q	1
67	7	R	2
67	7	V	1
67	8	A	3
67	8	C	1
67	8	D	3
67	8	E	2
67	8	I	2
67	8	K	1
67	8	L	1
67	8	N	3
67	8	P	1
67	8	R	2
67	8	T	1
67	8	V	1
67	8	Y	1
67	9	A	3
67	9	C	1
67	9	D	1
67	9	I	1
67	9	N	3
67	9	S	1
67	9	T	1
67	9	Y	1
67	10	A	2
67	10	D	4
67	10	E	2
67	10	F	2
67	10	G	1
67	10	H	1
67	10	L	1
67	10	M	1
67	10	N	2
67	10	P	1
67	10	Q	1
67	10	V	1
67	10	W	1
67	10	Y	4
68	0	A	1
68	0	C	3
68	0	I	2
68	0	M	1
68	0	P	1
68	0	Q	2
68	0	S	1
68	0	W	1
68	0	Y	2
68	1	A	2
68	1	D	2
68	1	E	1
68	1	F	1
68	1	G	1
68	1	I	2
68	1	M	2
68	1	Q	1
68	1	S	2
68	1	W	1
68	1	Y	5
68	3	A	1
68	3	D	2
68	3	F	1
68	3	G	2
68	3	I	2
68	3	N	1
68	3	P	1
68	3	Y	2
68	4	A	1
68	4	C	1
68	4	D	1
68	4	F	2
68	4	G	1
68	4	H	3
68	4	I	1
68	4	S	1
68	4	T	2
68	4	Y	2
68	5	A	1
68	5	D	4
68	5	F	2
68	5	G	1
68	5	H	1
68	5	I	2
68	5	M	3
68	5	Q	1
68	5	R	2
68	5	V	1
68	5	Y	4
68	6	C	1
68	6	D	2
68	6	E	1
68	6	H	1
68	6	I	1
68	6	K	1
68	6	M	1
68	6	N	1
68	6	R	2
68	6	V	2
68	6	Y	3
68	7	A	1
68	7	C	4
68	7	D	2
68	7	F	3
68	7	I	1
68	7	M	5
68	7	N	2
68	7	Q	1
68	7	R	3
68	7	V	1
68	9	A	3
68	9	C	1
68	9	D	1
68	9	F	1
68	9	I	1
68	9	N	3
68	9	S	1
68	9	T	1
68	9	Y	1
69	0	A	1
69	0	C	3
69	0	I	2
69	0	M	1
69	0	P	1
69	0	Q	2
69	0	S	1
69	0	W	1
69	0	Y	2
69	1	A	2
69	1	D	2
69	1	E	1
69	1	F	1
69	1	G	1
69	1	I	2
69	1	L	1
69	1	M	2
69	1	P	2
69	1	Q	2
69	1	S	2
69	1	W	1
69	1	Y	5
69	2	C	1
69	2	D	2
69	2	G	2
69	2	K	1
69	2	M	1
69	2	P	1
69	2	R	1
69	2	S	1
69	2	V	1
69	2	Y	2
69	3	A	1
69	3	D	2
69	3	F	1
69	3	G	2
69	3	I	2
69	3	N	1
69	3	P	1
69	3	Y	2
69	4	A	1
69	4	D	1
69	4	E	1
69	4	F	1
69	4	G	1
69	4	H	3
69	4	I	1
69	4	M	1
69	4	P	1
69	4	S	1
69	4	T	2
69	4	Y	2
69	5	A	2
69	5	D	6
69	5	F	1
69	5	G	1
69	5	H	1
69	5	I	2
69	5	M	3
69	5	R	2
69	5	T	1
69	5	V	1
69	5	Y	4
69	7	A	1
69	7	C	3
69	7	D	2
69	7	F	3
69	7	H	1
69	7	I	1
69	7	M	5
69	7	N	2
69	7	Q	1
69	7	R	3
69	7	V	1
69	9	A	3
69	9	C	1
69	9	D	1
69	9	F	1
69	9	I	1
69	9	N	3
69	9	S	1
69	9	T	1
69	9	Y	1
70	1	A	1
70	1	D	2
70	1	E	1
70	1	F	1
70	1	G	1
70	1	I	2
70	1	L	1
70	1	M	2
70	1	P	2
70	1	Q	1
70	1	S	2
70	1	W	1
70	1	Y	5
70	2	C	1
70	2	D	2
70	2	F	1
70	2	G	2
70	2	K	1
70	2	M	1
70	2	P	2
70	2	S	1
70	2	Y	1
70	3	A	1
70	3	D	2
70	3	F	1
70	3	G	2
70	3	I	2
70	3	N	1
70	3	Y	2
70	4	A	1
70	4	C	1
70	4	D	1
70	4	E	1
70	4	F	2
70	4	G	1
70	4	H	3
70	4	I	1
70	4	M	1
70	4	P	1
70	4	S	1
70	4	T	2
70	4	Y	2
70	5	A	1
70	5	D	6
70	5	F	1
70	5	G	1
70	5	H	1
70	5	I	2
70	5	M	2
70	5	R	2
70	5	S	1
70	5	T	1
70	5	V	1
70	5	Y	4
70	6	A	1
70	6	C	1
70	6	D	2
70	6	E	1
70	6	H	1
70	6	I	1
70	6	K	1
70	6	M	1
70	6	N	1
70	6	Q	1
70	6	R	2
70	6	V	3
70	6	Y	4
70	7	A	1
70	7	C	4
70	7	D	2
70	7	F	3
70	7	H	1
70	7	I	1
70	7	M	5
70	7	N	2
70	7	Q	1
70	7	R	3
70	7	V	1
70	8	A	3
70	8	C	1
70	8	D	2
70	8	E	2
70	8	I	2
70	8	K	1
70	8	L	1
70	8	N	3
70	8	P	1
70	8	R	2
70	8	T	1
70	8	Y	1
70	10	A	3
70	10	D	4
70	10	E	3
70	10	F	2
70	10	G	1
70	10	H	1
70	10	L	1
70	10	M	1
70	10	N	3
70	10	P	1
70	10	Q	1
70	10	S	1
70	10	V	1
70	10	W	1
70	10	Y	4
71	0	A	1
71	0	C	3
71	0	I	1
71	0	M	1
71	0	P	1
71	0	Q	2
71	0	S	1
71	0	W	1
71	0	Y	2
71	2	C	1
71	2	D	2
71	2	F	1
71	2	G	1
71	2	K	1
71	2	M	1
71	2	P	1
71	2	R	1
71	2	S	1
71	2	V	1
71	2	Y	1
71	3	A	1
71	3	D	1
71	3	F	1
71	3	G	2
71	3	I	2
71	3	N	1
71	3	P	1
71	3	Y	2
71	4	A	1
71	4	C	1
71	4	D	1
71	4	F	1
71	4	G	1
71	4	H	3
71	4	I	1
71	4	M	1
71	4	P	1
71	4	T	2
71	4	Y	2
71	6	A	1
71	6	C	1
71	6	D	2
71	6	E	1
71	6	H	1
71	6	I	1
71	6	K	1
71	6	N	1
71	6	Q	1
71	6	R	2
71	6	V	3
71	6	Y	4
71	7	A	1
71	7	C	3
71	7	D	1
71	7	F	2
71	7	H	1
71	7	I	1
71	7	M	5
71	7	N	2
71	7	Q	1
71	7	R	3
71	7	V	1
71	8	A	4
71	8	C	1
71	8	D	3
71	8	E	2
71	8	I	2
71	8	K	1
71	8	L	1
71	8	N	3
71	8	P	1
71	8	R	2
71	8	T	1
71	8	V	1
71	8	Y	1
72	2	C	1
72	2	D	2
72	2	F	1
72	2	G	2
72	2	K	1
72	2	P	2
72	2	R	1
72	2	S	1
72	2	Y	2
72	3	A	1
72	3	D	2
72	3	F	1
72	3	G	2
72	3	I	2
72	3	N	1
72	3	P	1
72	3	Y	1
72	4	A	1
72	4	C	1
72	4	D	1
72	4	E	1
72	4	F	2
72	4	G	1
72	4	H	3
72	4	I	1
72	4	M	1
72	4	P	1
72	4	S	1
72	4	T	2
72	4	Y	2
72	5	A	2
72	5	D	5
72	5	F	2
72	5	G	1
72	5	H	1
72	5	I	3
72	5	M	3
72	5	Q	1
72	5	R	2
72	5	S	1
72	5	T	1
72	5	V	1
72	5	Y	2
72	6	A	1
72	6	C	1
72	6	D	2
72	6	H	1
72	6	I	1
72	6	K	1
72	6	M	1
72	6	N	1
72	6	Q	1
72	6	R	1
72	6	V	3
72	6	Y	4
72	7	A	1
72	7	C	3
72	7	D	2
72	7	F	1
72	7	I	1
72	7	M	4
72	7	N	2
72	7	Q	1
72	7	R	2
72	7	V	1
72	8	A	4
72	8	C	1
72	8	D	2
72	8	E	2
72	8	I	2
72	8	K	1
72	8	L	1
72	8	N	3
72	8	P	1
72	8	R	2
72	8	T	1
72	8	Y	1
72	10	A	2
72	10	D	2
72	10	E	3
72	10	F	2
72	10	G	1
72	10	H	1
72	10	L	1
72	10	M	1
72	10	N	2
72	10	P	1
72	10	Q	1
72	10	S	1
72	10	V	1
72	10	W	1
72	10	Y	3
73	0	A	1
73	0	C	3
73	0	I	1
73	0	M	1
73	0	P	1
73	0	Q	2
73	0	S	1
73	0	W	1
73	0	Y	1
73	1	A	2
73	1	D	2
73	1	E	1
73	1	F	1
73	1	G	1
73	1	I	2
73	1	L	1
73	1	M	2
73	1	P	2
73	1	Q	2
73	1	S	1
73	1	W	1
73	1	Y	5
73	2	C	1
73	2	D	2
73	2	F	1
73	2	G	2
73	2	K	1
73	2	M	1
73	2	P	2
73	2	R	1
73	2	S	1
73	2	V	1
73	2	Y	2
73	3	A	1
73	3	D	2
73	3	F	1
73	3	G	2
73	3	I	1
73	3	N	1
73	3	P	1
73	3	Y	2
73	4	A	1
73	4	C	1
73	4	D	1
73	4	E	1
73	4	F	2
73	4	G	1
73	4	H	2
73	4	I	1
73	4	M	1
73	4	P	1
73	4	S	1
73	4	T	2
73	4	Y	2
73	5	A	1
73	5	D	5
73	5	F	2
73	5	G	1
73	5	H	1
73	5	I	2
73	5	M	3
73	5	Q	1
73	5	R	2
73	5	T	1
73	5	V	1
73	5	Y	4
73	6	A	1
73	6	D	2
73	6	H	1
73	6	I	1
73	6	M	1
73	6	N	1
73	6	Q	1
73	6	R	2
73	6	V	2
73	6	Y	4
73	8	A	4
73	8	C	1
73	8	D	3
73	8	E	1
73	8	I	2
73	8	K	1
73	8	L	1
73	8	N	3
73	8	R	2
73	8	T	1
73	8	V	1
73	8	Y	1
73	10	A	3
73	10	D	3
73	10	E	3
73	10	F	2
73	10	H	1
73	10	L	1
73	10	M	1
73	10	N	3
73	10	P	1
73	10	Q	1
73	10	S	1
73	10	V	1
73	10	W	1
73	10	Y	4
74	0	C	3
74	0	I	2
74	0	M	1
74	0	Q	2
74	0	S	1
74	0	W	1
74	0	Y	2
74	1	A	2
74	1	D	2
74	1	F	1
74	1	G	1
74	1	I	1
74	1	L	1
74	1	M	2
74	1	P	2
74	1	Q	1
74	1	S	1
74	1	W	1
74	1	Y	5
74	3	A	1
74	3	D	2
74	3	F	1
74	3	G	2
74	3	I	2
74	3	P	1
74	3	Y	2
74	4	A	1
74	4	C	1
74	4	D	1
74	4	E	1
74	4	F	2
74	4	G	1
74	4	H	2
74	4	I	1
74	4	M	1
74	4	S	1
74	4	T	2
74	4	Y	2
74	5	A	2
74	5	D	5
74	5	F	2
74	5	H	1
74	5	I	3
74	5	M	3
74	5	Q	1
74	5	R	2
74	5	S	1
74	5	T	1
74	5	V	1
74	5	Y	3
74	6	A	1
74	6	C	1
74	6	D	2
74	6	H	1
74	6	I	1
74	6	K	1
74	6	M	1
74	6	N	1
74	6	Q	1
74	6	R	2
74	6	V	1
74	6	Y	4
74	7	A	1
74	7	C	4
74	7	D	2
74	7	F	1
74	7	H	1
74	7	I	1
74	7	M	5
74	7	N	2
74	7	R	3
74	7	V	1
74	8	A	3
74	8	C	1
74	8	D	3
74	8	E	2
74	8	I	2
74	8	L	1
74	8	N	3
74	8	P	1
74	8	R	2
74	8	T	1
74	8	Y	1
74	9	A	3
74	9	C	1
74	9	D	1
74	9	F	1
74	9	I	1
74	9	N	3
74	9	S	1
74	9	T	1
74	10	A	3
74	10	D	3
74	10	E	3
74	10	F	2
74	10	G	1
74	10	H	1
74	10	L	1
74	10	M	1
74	10	N	3
74	10	P	1
74	10	Q	1
74	10	S	1
74	10	V	1
74	10	Y	4
75	1	A	1
75	1	D	2
75	1	E	1
75	1	F	1
75	1	G	1
75	1	I	2
75	1	L	1
75	1	M	2
75	1	P	2
75	1	Q	2
75	1	S	2
75	1	Y	5
75	2	C	1
75	2	D	2
75	2	F	1
75	2	G	1
75	2	K	1
75	2	M	1
75	2	P	2
75	2	R	1
75	2	S	1
75	2	V	1
75	2	Y	2
75	3	A	1
75	3	D	2
75	3	F	1
75	3	G	2
75	3	I	2
75	3	N	1
75	3	P	1
75	3	Y	2
75	4	A	1
75	4	C	1
75	4	D	1
75	4	F	1
75	4	G	1
75	4	H	3
75	4	I	1
75	4	M	1
75	4	P	1
75	4	S	1
75	4	T	2
75	4	Y	2
75	5	A	2
75	5	D	4
75	5	F	2
75	5	G	1
75	5	H	1
75	5	I	3
75	5	M	3
75	5	Q	1
75	5	R	2
75	5	S	1
75	5	T	1
75	5	V	1
75	5	Y	4
75	7	A	1
75	7	C	4
75	7	D	1
75	7	F	2
75	7	H	1
75	7	I	1
75	7	M	5
75	7	N	1
75	7	Q	1
75	7	R	3
75	7	V	1
75	8	A	4
75	8	C	1
75	8	D	2
75	8	E	2
75	8	I	2
75	8	K	1
75	8	L	1
75	8	N	2
75	8	R	2
75	8	T	1
75	8	V	1
75	9	A	3
75	9	C	1
75	9	D	1
75	9	F	1
75	9	I	1
75	9	N	3
75	9	S	1
75	9	T	1
76	0	A	1
76	0	C	3
76	0	I	2
76	0	M	1
76	0	Q	1
76	0	S	1
76	0	W	1
76	0	Y	2
76	1	A	2
76	1	D	2
76	1	E	1
76	1	F	1
76	1	G	1
76	1	I	2
76	1	L	1
76	1	M	2
76	1	P	2
76	1	Q	2
76	1	S	2
76	1	W	1
76	1	Y	3
76	2	C	1
76	2	D	1
76	2	G	2
76	2	K	1
76	2	M	1
76	2	P	2
76	2	R	1
76	2	S	1
76	2	Y	2
76	3	A	1
76	3	D	2
76	3	F	1
76	3	G	1
76	3	I	2
76	3	Y	2
76	4	A	1
76	4	C	1
76	4	D	1
76	4	E	1
76	4	F	2
76	4	H	3
76	4	I	1
76	4	M	1
76	4	P	1
76	4	S	1
76	4	T	2
76	4	Y	2
76	5	A	2
76	5	D	5
76	5	F	2
76	5	G	1
76	5	H	1
76	5	I	3
76	5	M	3
76	5	Q	1
76	5	R	1
76	5	S	1
76	5	T	1
76	5	V	1
76	5	Y	4
76	6	A	1
76	6	C	1
76	6	D	2
76	6	E	1
76	6	H	1
76	6	I	1
76	6	K	1
76	6	M	1
76	6	N	1
76	6	Q	1
76	6	R	2
76	6	V	2
76	6	Y	4
76	7	A	1
76	7	C	4
76	7	D	1
76	7	F	2
76	7	H	1
76	7	I	1
76	7	M	5
76	7	N	2
76	7	Q	1
76	7	R	3
76	7	V	1
76	8	A	3
76	8	C	1
76	8	D	3
76	8	E	2
76	8	I	2
76	8	K	1
76	8	L	1
76	8	N	2
76	8	P	1
76	8	R	2
76	8	T	1
76	8	V	1
76	8	Y	1
76	9	A	3
76	9	C	1
76	9	D	1
76	9	F	1
76	9	I	1
76	9	N	3
76	9	S	1
76	9	T	1
76	9	Y	1
76	10	A	3
76	10	D	4
76	10	E	3
76	10	F	2
76	10	G	1
76	10	H	1
76	10	L	1
76	10	N	2
76	10	P	1
76	10	Q	1
76	10	S	1
76	10	V	1
76	10	W	1
76	10	Y	3
77	0	A	1
77	0	C	2
77	0	I	2
77	0	M	1
77	0	Q	2
77	0	S	1
77	0	Y	2
77	1	A	2
77	1	D	2
77	1	E	1
77	1	F	1
77	1	G	1
77	1	I	2
77	1	M	2
77	1	P	2
77	1	Q	2
77	1	S	2
77	1	W	1
77	1	Y	3
77	2	C	1
77	2	D	1
77	2	F	1
77	2	G	2
77	2	M	1
77	2	P	2
77	2	S	1
77	2	V	1
77	2	Y	2
77	3	A	1
77	3	D	2
77	3	F	1
77	3	G	2
77	3	I	2
77	3	N	1
77	3	P	1
77	3	Y	2
77	4	A	1
77	4	C	1
77	4	D	1
77	4	F	2
77	4	G	1
77	4	H	3
77	4	M	1
77	4	P	1
77	4	S	1
77	4	T	2
77	4	Y	2
77	5	A	2
77	5	D	5
77	5	F	2
77	5	G	1
77	5	H	1
77	5	I	3
77	5	M	3
77	5	Q	1
77	5	R	2
77	5	S	1
77	5	T	1
77	5	Y	4
77	6	A	1
77	6	C	1
77	6	D	2
77	6	E	1
77	6	H	1
77	6	I	1
77	6	K	1
77	6	M	1
77	6	N	1
77	6	R	2
77	6	V	3
77	6	Y	4
77	8	A	4
77	8	C	1
77	8	D	3
77	8	E	2
77	8	I	2
77	8	K	1
77	8	L	1
77	8	N	3
77	8	P	1
77	8	R	2
77	8	T	1
77	8	V	1
77	9	A	3
77	9	C	1
77	9	D	1
77	9	F	1
77	9	I	1
77	9	N	2
77	9	S	1
77	9	T	1
77	9	Y	1
78	0	A	1
78	0	C	3
78	0	I	2
78	0	P	1
78	0	Q	1
78	0	S	1
78	0	W	1
78	0	Y	2
78	1	A	2
78	1	D	1
78	1	E	1
78	1	F	1
78	1	G	1
78	1	I	1
78	1	L	1
78	1	M	1
78	1	P	2
78	1	Q	2
78	1	S	2
78	1	W	1
78	1	Y	4
78	3	A	1
78	3	D	2
78	3	F	1
78	3	G	2
78	3	I	2
78	3	N	1
78	3	P	1
78	3	Y	2
78	4	A	1
78	4	D	1
78	4	E	1
78	4	F	1
78	4	H	3
78	4	I	1
78	4	M	1
78	4	P	1
78	4	S	1
78	4	T	1
78	4	Y	2
78	5	A	2
78	5	D	6
78	5	F	2
78	5	G	1
78	5	H	1
78	5	I	3
78	5	M	3
78	5	Q	1
78	5	R	2
78	5	S	1
78	5	T	1
78	5	V	1
78	5	Y	4
78	6	A	1
78	6	C	1
78	6	D	1
78	6	E	1
78	6	H	1
78	6	K	1
78	6	M	1
78	6	Q	1
78	6	R	2
78	6	V	3
78	6	Y	4
78	8	A	4
78	8	C	1
78	8	D	3
78	8	E	2
78	8	I	2
78	8	K	1
78	8	L	1
78	8	N	3
78	8	P	1
78	8	R	2
78	8	T	1
78	8	V	1
78	9	A	3
78	9	C	1
78	9	D	1
78	9	F	1
78	9	I	1
78	9	N	3
78	9	S	1
78	9	T	1
78	9	Y	1
78	10	A	3
78	10	D	3
78	10	E	3
78	10	F	1
78	10	G	1
78	10	H	1
78	10	L	1
78	10	M	1
78	10	N	3
78	10	P	1
78	10	Q	1
78	10	S	1
78	10	W	1
78	10	Y	4
79	0	A	1
79	0	C	3
79	0	I	2
79	0	M	1
79	0	P	1
79	0	Q	1
79	0	W	1
79	0	Y	2
79	1	A	1
79	1	D	2
79	1	E	1
79	1	F	1
79	1	I	2
79	1	L	1
79	1	M	2
79	1	P	2
79	1	Q	2
79	1	S	2
79	1	Y	5
79	2	C	1
79	2	D	2
79	2	F	1
79	2	G	1
79	2	P	1
79	2	R	1
79	2	S	1
79	2	Y	2
79	3	A	1
79	3	D	2
79	3	F	1
79	3	G	2
79	3	I	2
79	3	N	1
79	3	P	1
79	3	Y	2
79	4	A	1
79	4	D	1
79	4	F	2
79	4	G	1
79	4	H	3
79	4	I	1
79	4	M	1
79	4	P	1
79	4	S	1
79	4	T	2
79	4	Y	2
79	5	A	2
79	5	D	6
79	5	F	2
79	5	G	1
79	5	H	1
79	5	I	3
79	5	M	3
79	5	Q	1
79	5	R	2
79	5	S	1
79	5	T	1
79	5	Y	3
79	6	A	1
79	6	C	1
79	6	D	2
79	6	E	1
79	6	H	1
79	6	I	1
79	6	M	1
79	6	N	1
79	6	Q	1
79	6	R	2
79	6	V	3
79	6	Y	3
79	7	A	1
79	7	C	4
79	7	D	2
79	7	F	3
79	7	H	1
79	7	I	1
79	7	M	3
79	7	N	1
79	7	Q	1
79	7	R	1
79	7	V	1
80	1	A	2
80	1	D	2
80	1	E	1
80	1	F	1
80	1	I	2
80	1	L	1
80	1	M	2
80	1	P	2
80	1	Q	2
80	1	S	2
80	1	W	1
80	1	Y	5
80	2	C	1
80	2	D	2
80	2	F	1
80	2	G	1
80	2	K	1
80	2	M	1
80	2	P	2
80	2	R	1
80	2	S	1
80	2	V	1
80	2	Y	1
80	3	A	1
80	3	D	1
80	3	F	1
80	3	G	2
80	3	I	2
80	3	N	1
80	3	P	1
80	3	Y	2
80	4	A	1
80	4	C	1
80	4	D	1
80	4	E	1
80	4	F	2
80	4	G	1
80	4	H	3
80	4	I	1
80	4	M	1
80	4	P	1
80	4	S	1
80	4	T	2
80	4	Y	2
80	5	A	2
80	5	D	6
80	5	F	2
80	5	G	1
80	5	H	1
80	5	I	2
80	5	M	3
80	5	Q	1
80	5	R	2
80	5	S	1
80	5	T	1
80	5	V	1
80	5	Y	3
80	6	A	1
80	6	C	1
80	6	D	2
80	6	E	1
80	6	I	1
80	6	M	1
80	6	N	1
80	6	Q	1
80	6	R	2
80	6	V	3
80	6	Y	2
80	8	A	4
80	8	C	1
80	8	D	3
80	8	E	2
80	8	I	2
80	8	L	1
80	8	N	1
80	8	P	1
80	8	R	2
80	8	V	1
80	8	Y	1
81	1	A	1
81	1	D	2
81	1	E	1
81	1	F	1
81	1	I	2
81	1	L	1
81	1	M	2
81	1	P	2
81	1	Q	2
81	1	S	2
81	1	W	1
81	1	Y	5
81	2	C	1
81	2	D	2
81	2	F	1
81	2	G	2
81	2	K	1
81	2	M	1
81	2	P	1
81	2	R	1
81	2	S	1
81	2	V	1
81	2	Y	2
81	3	A	1
81	3	D	2
81	3	F	1
81	3	G	2
81	3	I	2
81	3	N	1
81	3	P	1
81	5	A	2
81	5	D	6
81	5	F	1
81	5	G	1
81	5	H	1
81	5	I	3
81	5	M	3
81	5	Q	1
81	5	R	1
81	5	S	1
81	5	T	1
81	5	V	1
81	5	Y	4
81	6	A	1
81	6	C	1
81	6	D	2
81	6	E	1
81	6	H	1
81	6	I	1
81	6	K	1
81	6	M	1
81	6	Q	1
81	6	R	2
81	6	V	3
81	6	Y	4
82	0	C	3
82	0	I	2
82	0	M	1
82	0	P	1
82	0	Q	1
82	0	S	1
82	0	W	1
82	0	Y	1
82	1	A	2
82	1	D	2
82	1	E	1
82	1	F	1
82	1	G	1
82	1	I	2
82	1	L	1
82	1	M	2
82	1	P	2
82	1	Q	1
82	1	S	2
82	1	W	1
82	1	Y	5
82	2	C	1
82	2	D	2
82	2	F	1
82	2	G	1
82	2	K	1
82	2	M	1
82	2	P	2
82	2	R	1
82	2	S	1
82	2	Y	1
82	3	A	1
82	3	D	2
82	3	F	1
82	3	G	2
82	3	I	2
82	3	N	1
82	3	P	1
82	3	Y	2
82	4	C	1
82	4	D	1
82	4	F	2
82	4	G	1
82	4	H	3
82	4	I	1
82	4	M	1
82	4	P	1
82	4	T	2
82	4	Y	2
82	5	A	2
82	5	D	6
82	5	F	2
82	5	G	1
82	5	H	1
82	5	I	2
82	5	M	3
82	5	Q	1
82	5	R	2
82	5	S	1
82	5	T	1
82	5	V	1
82	5	Y	3
82	6	A	1
82	6	C	1
82	6	D	2
82	6	E	1
82	6	H	1
82	6	I	1
82	6	K	1
82	6	M	1
82	6	Q	1
82	6	R	2
82	6	V	3
82	6	Y	4
82	9	A	3
82	9	C	1
82	9	D	1
82	9	F	1
82	9	I	1
82	9	N	2
82	9	S	1
82	9	T	1
82	9	Y	1
83	0	A	1
83	0	C	3
83	0	I	2
83	0	M	1
83	0	P	1
83	0	Q	2
83	0	W	1
83	0	Y	2
83	1	A	2
83	1	D	1
83	1	E	1
83	1	F	1
83	1	G	1
83	1	I	2
83	1	L	1
83	1	M	2
83	1	P	2
83	1	Q	1
83	1	S	1
83	1	W	1
83	1	Y	4
83	2	C	1
83	2	D	2
83	2	F	1
83	2	G	2
83	2	K	1
83	2	M	1
83	2	P	2
83	2	R	1
83	2	S	1
83	2	V	1
83	2	Y	2
83	4	A	1
83	4	C	1
83	4	D	1
83	4	E	1
83	4	F	1
83	4	G	1
83	4	H	1
83	4	I	1
83	4	M	1
83	4	P	1
83	4	S	1
83	4	T	1
83	4	Y	2
83	5	A	2
83	5	D	3
83	5	F	1
83	5	G	1
83	5	H	1
83	5	I	3
83	5	M	3
83	5	Q	1
83	5	R	1
83	5	S	1
83	5	T	1
83	5	V	1
83	5	Y	4
83	6	A	1
83	6	C	1
83	6	D	2
83	6	H	1
83	6	I	1
83	6	M	1
83	6	N	1
83	6	Q	1
83	6	R	2
83	6	V	2
83	6	Y	4
83	8	A	2
83	8	C	1
83	8	D	3
83	8	E	2
83	8	I	1
83	8	K	1
83	8	L	1
83	8	N	3
83	8	P	1
83	8	R	2
83	8	T	1
83	8	V	1
83	8	Y	1
83	9	A	3
83	9	C	1
83	9	D	1
83	9	F	1
83	9	I	1
83	9	N	3
83	9	S	1
83	9	T	1
83	9	Y	1
84	0	A	1
84	0	C	3
84	0	I	1
84	0	M	1
84	0	P	1
84	0	Q	2
84	0	W	1
84	0	Y	1
84	1	A	2
84	1	D	1
84	1	F	1
84	1	G	1
84	1	I	2
84	1	L	1
84	1	M	2
84	1	P	2
84	1	Q	2
84	1	S	2
84	1	W	1
84	1	Y	5
84	2	C	1
84	2	D	2
84	2	G	2
84	2	K	1
84	2	M	1
84	2	P	2
84	2	R	1
84	2	S	1
84	2	V	1
84	2	Y	2
84	3	A	1
84	3	D	1
84	3	F	1
84	3	G	1
84	3	I	2
84	3	N	1
84	3	P	1
84	3	Y	2
84	4	A	1
84	4	C	1
84	4	D	1
84	4	E	1
84	4	F	2
84	4	G	1
84	4	H	3
84	4	I	1
84	4	M	1
84	4	P	1
84	4	S	1
84	4	T	2
84	4	Y	2
84	5	A	2
84	5	D	5
84	5	F	2
84	5	G	1
84	5	I	3
84	5	M	3
84	5	Q	1
84	5	R	1
84	5	S	1
84	5	V	1
84	5	Y	4
84	6	A	1
84	6	D	1
84	6	E	1
84	6	H	1
84	6	M	1
84	6	Q	1
84	6	R	2
84	6	V	2
84	6	Y	4
84	9	A	2
84	9	C	1
84	9	D	1
84	9	I	1
84	9	N	3
84	9	T	1
84	9	Y	1
84	10	A	3
84	10	D	4
84	10	E	2
84	10	F	2
84	10	G	1
84	10	H	1
84	10	L	1
84	10	M	1
84	10	N	2
84	10	P	1
84	10	Q	1
84	10	S	1
84	10	W	1
84	10	Y	3
85	0	A	1
85	0	C	3
85	0	I	2
85	0	M	1
85	0	Q	2
85	0	S	1
85	0	W	1
85	0	Y	1
85	1	A	2
85	1	D	2
85	1	G	1
85	1	I	2
85	1	M	2
85	1	P	2
85	1	Q	2
85	1	S	2
85	1	W	1
85	1	Y	3
85	2	C	1
85	2	D	2
85	2	F	1
85	2	G	2
85	2	K	1
85	2	M	1
85	2	P	2
85	2	R	1
85	2	S	1
85	2	V	1
85	2	Y	1
85	3	A	1
85	3	D	2
85	3	F	1
85	3	G	2
85	3	I	2
85	3	Y	2
85	4	A	1
85	4	C	1
85	4	D	1
85	4	E	1
85	4	F	2
85	4	G	1
85	4	H	2
85	4	M	1
85	4	P	1
85	4	S	1
85	4	T	1
85	4	Y	2
85	5	A	2
85	5	D	6
85	5	F	1
85	5	G	1
85	5	H	1
85	5	I	3
85	5	M	3
85	5	Q	1
85	5	R	1
85	5	S	1
85	5	T	1
85	5	V	1
85	5	Y	4
85	6	A	1
85	6	C	1
85	6	D	1
85	6	E	1
85	6	H	1
85	6	I	1
85	6	K	1
85	6	M	1
85	6	N	1
85	6	Q	1
85	6	R	2
85	6	V	3
85	6	Y	4
85	8	A	3
85	8	C	1
85	8	D	3
85	8	E	2
85	8	I	1
85	8	K	1
85	8	L	1
85	8	N	1
85	8	P	1
85	8	R	2
85	8	T	1
85	8	V	1
85	8	Y	1
85	9	A	3
85	9	D	1
85	9	F	1
85	9	I	1
85	9	N	3
85	9	S	1
85	9	T	1
85	9	Y	1
86	0	A	1
86	0	C	3
86	0	I	2
86	0	M	1
86	0	P	1
86	0	Q	1
86	0	S	1
86	0	W	1
86	0	Y	2
86	1	A	2
86	1	D	2
86	1	E	1
86	1	F	1
86	1	G	1
86	1	I	2
86	1	L	1
86	1	M	2
86	1	P	2
86	1	Q	2
86	1	S	2
86	1	W	1
86	1	Y	5
86	2	C	1
86	2	D	1
86	2	F	1
86	2	G	1
86	2	K	1
86	2	M	1
86	2	P	2
86	2	R	1
86	2	S	1
86	2	V	1
86	2	Y	2
86	3	A	1
86	3	D	2
86	3	F	1
86	3	G	1
86	3	I	2
86	3	N	1
86	3	P	1
86	3	Y	2
86	4	A	1
86	4	C	1
86	4	D	1
86	4	E	1
86	4	F	2
86	4	G	1
86	4	H	3
86	4	I	1
86	4	M	1
86	4	S	1
86	4	T	2
86	4	Y	1
86	5	A	2
86	5	D	6
86	5	F	2
86	5	G	1
86	5	H	1
86	5	I	3
86	5	M	3
86	5	Q	1
86	5	R	2
86	5	T	1
86	5	V	1
86	5	Y	4
86	6	A	1
86	6	C	1
86	6	D	1
86	6	E	1
86	6	H	1
86	6	I	1
86	6	K	1
86	6	M	1
86	6	N	1
86	6	Q	1
86	6	R	1
86	6	V	3
86	6	Y	3
86	7	A	1
86	7	C	3
86	7	D	2
86	7	F	3
86	7	H	1
86	7	I	1
86	7	M	4
86	7	N	2
86	7	Q	1
86	7	R	3
86	7	V	1
86	8	A	3
86	8	C	1
86	8	D	3
86	8	E	1
86	8	I	2
86	8	K	1
86	8	L	1
86	8	N	3
86	8	P	1
86	8	R	2
86	8	T	1
86	8	V	1
86	8	Y	1
86	9	A	2
86	9	C	1
86	9	D	1
86	9	F	1
86	9	I	1
86	9	N	3
86	9	S	1
86	9	T	1
86	9	Y	1
86	10	A	3
86	10	D	4
86	10	E	2
86	10	F	1
86	10	G	1
86	10	H	1
86	10	L	1
86	10	M	1
86	10	N	3
86	10	P	1
86	10	Q	1
86	10	S	1
86	10	V	1
86	10	W	1
86	10	Y	3
87	0	C	3
87	0	I	2
87	0	M	1
87	0	P	1
87	0	Q	2
87	0	S	1
87	0	W	1
87	0	Y	2
87	1	A	2
87	1	D	2
87	1	E	1
87	1	I	2
87	1	M	2
87	1	P	1
87	1	Q	2
87	1	S	2
87	1	W	1
87	1	Y	4
87	2	C	1
87	2	D	2
87	2	F	1
87	2	G	2
87	2	K	1
87	2	M	1
87	2	P	2
87	2	R	1
87	2	S	1
87	2	V	1
87	2	Y	2
87	3	A	1
87	3	D	1
87	3	F	1
87	3	G	1
87	3	I	1
87	3	N	1
87	3	P	1
87	3	Y	2
87	4	A	1
87	4	C	1
87	4	D	1
87	4	E	1
87	4	F	1
87	4	G	1
87	4	H	3
87	4	I	1
87	4	M	1
87	4	P	1
87	4	S	1
87	4	T	2
87	4	Y	2
87	5	A	1
87	5	D	6
87	5	F	2
87	5	G	1
87	5	H	1
87	5	I	3
87	5	M	3
87	5	Q	1
87	5	R	1
87	5	S	1
87	5	T	1
87	5	V	1
87	5	Y	3
87	6	A	1
87	6	C	1
87	6	D	2
87	6	E	1
87	6	H	1
87	6	I	1
87	6	K	1
87	6	M	1
87	6	N	1
87	6	Q	1
87	6	R	2
87	6	V	3
87	6	Y	3
87	7	A	1
87	7	C	4
87	7	D	2
87	7	F	3
87	7	H	1
87	7	I	1
87	7	M	3
87	7	N	2
87	7	Q	1
87	7	R	3
87	7	V	1
87	10	A	2
87	10	D	3
87	10	E	3
87	10	F	2
87	10	G	1
87	10	H	1
87	10	L	1
87	10	M	1
87	10	N	2
87	10	P	1
87	10	Q	1
87	10	S	1
87	10	V	1
87	10	Y	4
88	0	A	1
88	0	C	2
88	0	I	2
88	0	M	1
88	0	P	1
88	0	Q	2
88	0	S	1
88	0	W	1
88	0	Y	2
88	2	C	1
88	2	D	2
88	2	F	1
88	2	G	1
88	2	K	1
88	2	M	1
88	2	P	2
88	2	R	1
88	2	S	1
88	2	V	1
88	2	Y	2
88	3	A	1
88	3	D	1
88	3	F	1
88	3	G	1
88	3	I	1
88	3	N	1
88	3	P	1
88	3	Y	2
88	4	A	1
88	4	C	1
88	4	D	1
88	4	E	1
88	4	F	2
88	4	G	1
88	4	H	2
88	4	I	1
88	4	M	1
88	4	P	1
88	4	S	1
88	4	T	1
88	4	Y	2
88	5	A	2
88	5	D	5
88	5	F	2
88	5	G	1
88	5	I	3
88	5	M	3
88	5	Q	1
88	5	R	2
88	5	S	1
88	5	T	1
88	5	V	1
88	5	Y	4
88	6	A	1
88	6	C	1
88	6	D	2
88	6	E	1
88	6	H	1
88	6	I	1
88	6	K	1
88	6	M	1
88	6	N	1
88	6	Q	1
88	6	R	2
88	6	V	2
88	6	Y	4
88	7	A	1
88	7	C	4
88	7	D	2
88	7	F	3
88	7	H	1
88	7	I	1
88	7	M	5
88	7	N	2
88	7	Q	1
88	7	R	2
88	7	V	1
88	8	A	4
88	8	D	3
88	8	E	2
88	8	I	2
88	8	K	1
88	8	L	1
88	8	N	3
88	8	P	1
88	8	R	1
88	8	T	1
88	8	V	1
88	8	Y	1
88	9	A	2
88	9	C	1
88	9	D	1
88	9	F	1
88	9	I	1
88	9	N	3
88	9	S	1
88	9	T	1
88	9	Y	1
89	0	A	1
89	0	C	2
89	0	I	2
89	0	M	1
89	0	P	1
89	0	Q	2
89	0	S	1
89	0	W	1
89	0	Y	2
89	1	A	2
89	1	D	1
89	1	E	1
89	1	F	1
89	1	G	1
89	1	I	2
89	1	L	1
89	1	M	2
89	1	P	2
89	1	Q	2
89	1	S	2
89	1	W	1
89	1	Y	5
89	2	C	1
89	2	D	2
89	2	G	2
89	2	K	1
89	2	M	1
89	2	P	2
89	2	R	1
89	2	S	1
89	2	Y	2
89	3	A	1
89	3	D	1
89	3	F	1
89	3	G	2
89	3	I	2
89	3	N	1
89	3	P	1
89	3	Y	2
89	4	A	1
89	4	C	1
89	4	D	1
89	4	E	1
89	4	F	2
89	4	G	1
89	4	H	3
89	4	I	1
89	4	M	1
89	4	P	1
89	4	S	1
89	4	T	2
89	4	Y	2
89	5	A	2
89	5	D	5
89	5	F	2
89	5	G	1
89	5	H	1
89	5	I	1
89	5	M	3
89	5	Q	1
89	5	R	2
89	5	S	1
89	5	T	1
89	5	V	1
89	5	Y	3
89	6	A	1
89	6	C	1
89	6	D	1
89	6	E	1
89	6	H	1
89	6	I	1
89	6	K	1
89	6	M	1
89	6	N	1
89	6	Q	1
89	6	R	2
89	6	V	3
89	6	Y	4
89	8	A	3
89	8	C	1
89	8	D	3
89	8	E	2
89	8	I	1
89	8	K	1
89	8	L	1
89	8	N	3
89	8	R	2
89	8	T	1
89	8	V	1
89	8	Y	1
89	9	A	3
89	9	C	1
89	9	D	1
89	9	F	1
89	9	I	1
89	9	N	3
89	9	S	1
89	9	T	1
90	0	A	1
90	0	C	3
90	0	I	2
90	0	M	1
90	0	P	1
90	0	Q	1
90	0	S	1
90	0	W	1
90	0	Y	2
90	1	A	2
90	1	D	2
90	1	E	1
90	1	F	1
90	1	G	1
90	1	I	2
90	1	M	1
90	1	P	1
90	1	Q	2
90	1	S	2
90	1	W	1
90	1	Y	4
90	3	A	1
90	3	D	2
90	3	F	1
90	3	G	2
90	3	I	2
90	3	N	1
90	3	P	1
90	3	Y	1
90	4	A	1
90	4	C	1
90	4	D	1
90	4	E	1
90	4	F	2
90	4	G	1
90	4	H	3
90	4	I	1
90	4	M	1
90	4	P	1
90	4	S	1
90	4	T	2
90	4	Y	1
90	5	A	1
90	5	D	6
90	5	F	2
90	5	G	1
90	5	I	3
90	5	M	3
90	5	Q	1
90	5	R	1
90	5	S	1
90	5	T	1
90	5	V	1
90	5	Y	4
90	6	A	1
90	6	D	2
90	6	E	1
90	6	H	1
90	6	I	1
90	6	K	1
90	6	M	1
90	6	N	1
90	6	Q	1
90	6	R	2
90	6	V	2
90	6	Y	3
90	8	A	4
90	8	C	1
90	8	D	3
90	8	E	2
90	8	I	2
90	8	K	1
90	8	L	1
90	8	N	3
90	8	P	1
90	8	R	2
90	8	T	1
90	8	V	1
90	8	Y	1
90	9	A	3
90	9	C	1
90	9	D	1
90	9	I	1
90	9	N	3
90	9	S	1
90	9	T	1
90	10	A	3
90	10	D	4
90	10	E	3
90	10	F	1
90	10	L	1
90	10	M	1
90	10	N	2
90	10	P	1
90	10	Q	1
90	10	S	1
90	10	V	1
90	10	Y	4
91	0	A	1
91	0	C	3
91	0	I	2
91	0	M	1
91	0	P	1
91	0	Q	2
91	0	S	1
91	0	W	1
91	0	Y	2
91	1	A	1
91	1	D	2
91	1	E	1
91	1	F	1
91	1	G	1
91	1	I	2
91	1	L	1
91	1	M	2
91	1	P	2
91	1	Q	2
91	1	S	2
91	1	W	1
91	1	Y	5
91	2	C	1
91	2	D	2
91	2	F	1
91	2	G	2
91	2	K	1
91	2	M	1
91	2	P	2
91	2	S	1
91	2	V	1
91	2	Y	2
91	3	A	1
91	3	D	2
91	3	F	1
91	3	G	2
91	3	I	2
91	3	N	1
91	3	Y	2
91	4	A	1
91	4	C	1
91	4	D	1
91	4	E	1
91	4	F	2
91	4	G	1
91	4	H	3
91	4	I	1
91	4	M	1
91	4	P	1
91	4	S	1
91	4	T	1
91	4	Y	2
91	5	A	2
91	5	D	4
91	5	F	2
91	5	G	1
91	5	H	1
91	5	I	3
91	5	M	3
91	5	Q	1
91	5	R	2
91	5	S	1
91	5	T	1
91	5	V	1
91	5	Y	4
91	6	A	1
91	6	C	1
91	6	D	2
91	6	E	1
91	6	H	1
91	6	I	1
91	6	K	1
91	6	M	1
91	6	N	1
91	6	Q	1
91	6	R	1
91	6	V	2
91	6	Y	3
91	7	C	3
91	7	D	2
91	7	F	2
91	7	H	1
91	7	I	1
91	7	M	5
91	7	N	2
91	7	R	3
91	7	V	1
91	8	A	4
91	8	C	1
91	8	D	3
91	8	E	2
91	8	I	2
91	8	K	1
91	8	L	1
91	8	N	2
91	8	P	1
91	8	R	1
91	8	T	1
91	8	V	1
91	8	Y	1
91	10	A	2
91	10	D	4
91	10	E	3
91	10	F	2
91	10	G	1
91	10	H	1
91	10	L	1
91	10	M	1
91	10	N	2
91	10	P	1
91	10	Q	1
91	10	S	1
91	10	V	1
91	10	W	1
91	10	Y	3
92	0	A	1
92	0	C	2
92	0	I	1
92	0	M	1
92	0	P	1
92	0	Q	2
92	0	S	1
92	0	W	1
92	0	Y	2
92	1	A	2
92	1	D	2
92	1	E	1
92	1	F	1
92	1	G	1
92	1	I	2
92	1	L	1
92	1	M	2
92	1	P	1
92	1	Q	2
92	1	S	2
92	1	W	1
92	1	Y	5
92	2	C	1
92	2	D	2
92	2	F	1
92	2	G	1
92	2	K	1
92	2	M	1
92	2	P	2
92	2	R	1
92	2	S	1
92	2	V	1
92	2	Y	2
92	3	A	1
92	3	D	1
92	3	F	1
92	3	G	2
92	3	I	1
92	3	P	1
92	3	Y	2
92	4	A	1
92	4	C	1
92	4	D	1
92	4	F	2
92	4	G	1
92	4	H	3
92	4	I	1
92	4	M	1
92	4	P	1
92	4	S	1
92	4	T	2
92	4	Y	2
92	5	A	2
92	5	D	5
92	5	F	1
92	5	G	1
92	5	H	1
92	5	I	2
92	5	M	2
92	5	Q	1
92	5	R	1
92	5	S	1
92	5	T	1
92	5	V	1
92	5	Y	4
92	6	A	1
92	6	C	1
92	6	D	1
92	6	E	1
92	6	I	1
92	6	K	1
92	6	M	1
92	6	N	1
92	6	Q	1
92	6	R	2
92	6	V	3
92	6	Y	3
92	7	A	1
92	7	C	3
92	7	D	2
92	7	F	3
92	7	I	1
92	7	M	5
92	7	N	1
92	7	Q	1
92	7	R	2
92	7	V	1
92	9	A	3
92	9	C	1
92	9	D	1
92	9	F	1
92	9	I	1
92	9	N	2
92	9	S	1
92	9	T	1
92	9	Y	1
93	0	A	1
93	0	C	3
93	0	I	2
93	0	M	1
93	0	P	1
93	0	Q	2
93	0	S	1
93	0	W	1
93	0	Y	2
93	2	C	1
93	2	D	2
93	2	F	1
93	2	G	2
93	2	K	1
93	2	M	1
93	2	P	2
93	2	R	1
93	2	S	1
93	2	V	1
93	2	Y	2
93	3	D	2
93	3	F	1
93	3	G	2
93	3	I	2
93	3	N	1
93	3	Y	2
93	4	A	1
93	4	C	1
93	4	E	1
93	4	F	1
93	4	G	1
93	4	H	3
93	4	I	1
93	4	M	1
93	4	P	1
93	4	S	1
93	4	T	1
93	4	Y	2
93	6	A	1
93	6	C	1
93	6	D	2
93	6	E	1
93	6	H	1
93	6	I	1
93	6	K	1
93	6	M	1
93	6	N	1
93	6	Q	1
93	6	R	2
93	6	V	2
93	6	Y	3
93	7	A	1
93	7	C	4
93	7	D	2
93	7	F	3
93	7	H	1
93	7	I	1
93	7	M	4
93	7	N	1
93	7	Q	1
93	7	R	3
93	7	V	1
93	10	A	3
93	10	D	3
93	10	E	3
93	10	F	2
93	10	G	1
93	10	H	1
93	10	L	1
93	10	M	1
93	10	N	3
93	10	P	1
93	10	Q	1
93	10	S	1
93	10	V	1
93	10	W	1
93	10	Y	3
94	1	A	2
94	1	D	1
94	1	E	1
94	1	F	1
94	1	G	1
94	1	I	2
94	1	L	1
94	1	M	2
94	1	P	2
94	1	S	2
94	1	Y	5
94	2	D	1
94	2	F	1
94	2	G	2
94	2	K	1
94	2	M	1
94	2	P	2
94	2	R	1
94	2	S	1
94	2	V	1
94	2	Y	2
94	3	D	1
94	3	F	1
94	3	G	2
94	3	I	2
94	3	N	1
94	3	P	1
94	3	Y	2
94	4	A	1
94	4	C	1
94	4	D	1
94	4	E	1
94	4	F	2
94	4	G	1
94	4	H	3
94	4	I	1
94	4	M	1
94	4	P	1
94	4	S	1
94	4	T	2
94	4	Y	2
94	5	A	2
94	5	D	5
94	5	F	2
94	5	G	1
94	5	H	1
94	5	I	3
94	5	M	3
94	5	Q	1
94	5	R	2
94	5	S	1
94	5	T	1
94	5	V	1
94	5	Y	3
94	7	A	1
94	7	C	3
94	7	D	1
94	7	F	3
94	7	H	1
94	7	I	1
94	7	M	5
94	7	N	2
94	7	Q	1
94	7	R	3
94	8	A	4
94	8	C	1
94	8	D	2
94	8	E	1
94	8	I	2
94	8	L	1
94	8	N	3
94	8	P	1
94	8	R	2
94	8	T	1
94	8	V	1
94	8	Y	1
94	9	A	3
94	9	C	1
94	9	D	1
94	9	I	1
94	9	N	3
94	9	S	1
94	9	T	1
94	9	Y	1
95	1	A	1
95	1	D	2
95	1	E	1
95	1	F	1
95	1	G	1
95	1	I	2
95	1	L	1
95	1	M	2
95	1	P	2
95	1	Q	2
95	1	S	2
95	1	W	1
95	1	Y	5
95	2	C	1
95	2	D	2
95	2	F	1
95	2	G	2
95	2	K	1
95	2	P	2
95	2	R	1
95	2	V	1
95	2	Y	2
95	4	A	1
95	4	C	1
95	4	D	1
95	4	E	1
95	4	F	2
95	4	G	1
95	4	H	3
95	4	I	1
95	4	M	1
95	4	P	1
95	4	S	1
95	4	T	1
95	4	Y	2
95	5	A	2
95	5	D	5
95	5	F	2
95	5	G	1
95	5	H	1
95	5	I	3
95	5	M	3
95	5	Q	1
95	5	R	2
95	5	S	1
95	5	T	1
95	5	V	1
95	5	Y	4
95	6	A	1
95	6	C	1
95	6	D	2
95	6	E	1
95	6	H	1
95	6	I	1
95	6	K	1
95	6	M	1
95	6	N	1
95	6	R	1
95	6	V	2
95	6	Y	3
96	0	A	1
96	0	C	3
96	0	I	2
96	0	M	1
96	0	Q	2
96	0	S	1
96	0	W	1
96	0	Y	1
96	1	D	2
96	1	E	1
96	1	F	1
96	1	G	1
96	1	I	2
96	1	L	1
96	1	M	2
96	1	P	2
96	1	Q	2
96	1	S	2
96	1	Y	4
96	2	C	1
96	2	D	2
96	2	F	1
96	2	G	2
96	2	K	1
96	2	M	1
96	2	P	2
96	2	S	1
96	2	V	1
96	2	Y	2
96	4	A	1
96	4	C	1
96	4	D	1
96	4	E	1
96	4	F	2
96	4	G	1
96	4	H	2
96	4	I	1
96	4	M	1
96	4	P	1
96	4	S	1
96	4	T	2
96	4	Y	2
96	5	A	2
96	5	D	6
96	5	F	2
96	5	G	1
96	5	H	1
96	5	I	2
96	5	M	3
96	5	Q	1
96	5	R	2
96	5	S	1
96	5	T	1
96	5	V	1
96	5	Y	3
96	6	A	1
96	6	C	1
96	6	D	2
96	6	E	1
96	6	H	1
96	6	I	1
96	6	K	1
96	6	M	1
96	6	N	1
96	6	Q	1
96	6	R	2
96	6	V	3
96	6	Y	3
96	7	A	1
96	7	C	4
96	7	D	2
96	7	F	3
96	7	I	1
96	7	M	5
96	7	N	2
96	7	Q	1
96	7	R	3
96	7	V	1
96	8	A	2
96	8	C	1
96	8	D	3
96	8	E	1
96	8	I	1
96	8	K	1
96	8	L	1
96	8	N	3
96	8	R	2
96	8	T	1
96	8	V	1
97	0	A	1
97	0	C	3
97	0	I	2
97	0	M	1
97	0	P	1
97	0	Q	2
97	0	S	1
97	0	W	1
97	0	Y	2
97	1	A	2
97	1	D	2
97	1	E	1
97	1	G	1
97	1	I	2
97	1	L	1
97	1	M	2
97	1	P	2
97	1	Q	2
97	1	S	2
97	1	W	1
97	1	Y	4
97	2	C	1
97	2	D	2
97	2	F	1
97	2	G	2
97	2	K	1
97	2	M	1
97	2	P	2
97	2	R	1
97	2	S	1
97	2	V	1
97	2	Y	2
97	3	A	1
97	3	D	2
97	3	F	1
97	3	G	2
97	3	I	2
97	3	N	1
97	3	P	1
97	3	Y	2
97	5	A	2
97	5	D	4
97	5	F	2
97	5	G	1
97	5	H	1
97	5	I	3
97	5	M	3
97	5	Q	1
97	5	R	1
97	5	S	1
97	5	V	1
97	5	Y	4
97	6	A	1
97	6	D	2
97	6	E	1
97	6	I	1
97	6	K	1
97	6	N	1
97	6	Q	1
97	6	R	2
97	6	V	3
97	6	Y	4
97	7	A	1
97	7	C	4
97	7	D	1
97	7	F	3
97	7	H	1
97	7	I	1
97	7	M	4
97	7	N	2
97	7	Q	1
97	7	R	3
97	7	V	1
97	8	A	4
97	8	C	1
97	8	D	3
97	8	E	2
97	8	I	2
97	8	K	1
97	8	L	1
97	8	N	3
97	8	P	1
97	8	R	2
97	8	T	1
97	8	V	1
97	8	Y	1
97	9	A	3
97	9	C	1
97	9	D	1
97	9	F	1
97	9	I	1
97	9	N	3
97	9	S	1
97	9	T	1
97	9	Y	1
98	0	A	1
98	0	C	3
98	0	I	2
98	0	M	1
98	0	P	1
98	0	Q	1
98	0	S	1
98	0	W	1
98	0	Y	1
98	1	A	2
98	1	D	2
98	1	F	1
98	1	G	1
98	1	I	2
98	1	L	1
98	1	M	2
98	1	P	2
98	1	Q	2
98	1	S	2
98	1	W	1
98	1	Y	5
98	3	A	1
98	3	D	2
98	3	F	1
98	3	G	2
98	3	I	2
98	3	N	1
98	3	P	1
98	3	Y	2
98	4	A	1
98	4	C	1
98	4	D	1
98	4	E	1
98	4	F	2
98	4	G	1
98	4	H	2
98	4	I	1
98	4	M	1
98	4	P	1
98	4	S	1
98	4	T	2
98	4	Y	2
98	5	A	2
98	5	D	6
98	5	F	2
98	5	G	1
98	5	H	1
98	5	I	3
98	5	M	2
98	5	Q	1
98	5	R	2
98	5	S	1
98	5	T	1
98	5	V	1
98	5	Y	4
98	6	A	1
98	6	C	1
98	6	D	2
98	6	E	1
98	6	H	1
98	6	I	1
98	6	K	1
98	6	M	1
98	6	N	1
98	6	Q	1
98	6	R	1
98	6	V	3
98	6	Y	2
98	8	A	3
98	8	C	1
98	8	D	2
98	8	E	1
98	8	I	2
98	8	K	1
98	8	L	1
98	8	N	3
98	8	P	1
98	8	R	2
98	8	T	1
98	8	V	1
98	8	Y	1
98	10	A	3
98	10	D	3
98	10	E	3
98	10	F	2
98	10	G	1
98	10	H	1
98	10	L	1
98	10	M	1
98	10	N	3
98	10	P	1
98	10	Q	1
98	10	S	1
98	10	V	1
98	10	W	1
98	10	Y	4
99	0	A	1
99	0	C	3
99	0	I	2
99	0	M	1
99	0	Q	1
99	0	S	1
99	0	W	1
99	0	Y	2
99	1	A	1
99	1	D	1
99	1	F	1
99	1	G	1
99	1	I	2
99	1	L	1
99	1	M	2
99	1	P	2
99	1	Q	1
99	1	S	2
99	1	W	1
99	1	Y	5
99	2	C	1
99	2	D	2
99	2	F	1
99	2	G	1
99	2	K	1
99	2	P	2
99	2	R	1
99	2	S	1
99	2	V	1
99	2	Y	2
99	3	A	1
99	3	D	2
99	3	F	1
99	3	G	2
99	3	I	1
99	3	N	1
99	3	P	1
99	3	Y	1
99	4	A	1
99	4	C	1
99	4	D	1
99	4	F	2
99	4	H	3
99	4	P	1
99	4	S	1
99	4	T	2
99	4	Y	2
99	5	A	2
99	5	D	5
99	5	F	2
99	5	G	1
99	5	I	3
99	5	M	3
99	5	Q	1
99	5	R	1
99	5	S	1
99	5	T	1
99	5	Y	3
99	7	C	3
99	7	D	2
99	7	F	2
99	7	H	1
99	7	I	1
99	7	M	4
99	7	N	1
99	7	Q	1
99	7	R	2
99	8	A	4
99	8	C	1
99	8	D	2
99	8	E	2
99	8	I	2
99	8	K	1
99	8	L	1
99	8	N	3
99	8	P	1
99	8	R	2
99	8	T	1
